4
16
64
232
784
2656
9496
34840
127504
468616
1725640
6360016
23451952
86494984
319047424
176921489
341631812
16422272
85596531
971427713
115545892
455438430
530338095
714231211
78797839
658521667
434952760
540040254
354452875
157763215
644923847
901949856
532105378
765820869
515485819
107294100
96716181
54834875
911655195
639929817
730637956
401824092
524697563
290942705
710969830
318572179
476290147
701990772
226689873
538559399
88436378
445498322
412490266
861166632
455593976
571275781
403481221
331625568
905877825
77796456
392285772
640505112
790352126
388105726
92173207
272627085
950970801
305631948
453908711
889440005
576446603
563494560
487142576
929834365
51110963
166082621
651364429
28606180
205537950
936590888
275318903
605056046
719794195
66199480
668248262
160094996
564529940
883161651
250630500
168129228
403781351
468513817
509738218
1193660
323020541
4339564
63380782
792632473
993535436
812785511
816082239
173357199
107489602
361977385
615020344
24891063
422148176
525182252
188840291
870440897
509210414
250362736
651849965
434232185
413056652
35744689
930477375
306692753
269900802
451773703
544610414
883535750
390068935
107809432
456593204
405695862
778957717
613621082
534042427
451343182
939349211
579707845
237792877
694300072
393923002
699171044
645906070
551069329
939806164
813855619
819956363
569652861
485777594
359730840
395419339
144735699
575417000
904812835
46567849
60697444
560151544
552893389
387828555
805772914
15766855
889527786
373184480
820176706
877195851
426848403
63239924
160266918
713414188
543510922
245899160
760316094
364065729
948799128
247945896
240659723
844708422
867085376
325549261
558260083
373285701
663789961
593945298
128543053
154534347
152743994
236214744
564037773
380851556
654603811
363802597
964627413
264381063
179001023
762369246
405914633
842041909
923989785
187531701
794267880
687499610
404421413
664378518
777424068
161962975
812378434
36776858
78625369
579952029
812101786
509416134
554577850
326747534
358407967
450867444
447056719
699826831
406381233
837728088
840397812
474394301
269289899
508788232
831616866
100896783
174418843
800561211
863236577
466928777
242515431
270436712
114337776
274594962
505515873
784924170
845527178
299265176
36282951
537394379
461888466
175872629
147026354
326735509
157595115
357116263
784838065
647439741
77724809
422072417
119074021
179624680
960168002
412104406
198975030
421013780
353822741
154558532
15103461
886298371
594947193
176244034
905934385
123528685
199592646
252085197
594503025
365319351
60100948
644782752
588878801
211511903
950787930
656843323
854689475
637780952
990731998
990625307
788136121
543997687
562286059
724178348
454039038
165381837
454128878
199436141
732148770
620204998
827986756
988546419
503575891
487186520
931456235
710608051
595866897
566765082
63976828
638458783
147295810
21615563
119794244
353074218
368667247
807031558
729045410
798646276
92266893
779822497
694537540
256819519
39557072
409825891
658162773
479710912
665281223
427114219
789160053
276064069
17855176
941612573
37597919
144076211
558735617
837976725
165576109
176218795
363972002
161111156
841347660
485714557
174852208
76182776
63957912
337215800
589544828
787548642
2095021
865330516
286348304
801686680
819216950
814681714
845653067
67695642
332591898
560424118
219757614
142746513
366135470
779405684
695406267
676576285
898918724
757600630
222922087
691642598
303373750
282862743
889571913
91619300
604842607
831336769
111102058
351838058
116622235
623209767
410615503
719814867
476090920
119335078
246236257
995910226
313406089
601971058
561229239
556989542
276780197
564751293
519966759
62328814
702028379
539064820
638688388
245849138
478026705
666023844
342569767
309968426
473212522
588854973
6662212
607590725
688020954
510626696
431700811
890942928
743864747
657749491
651766436
192920911
886354132
147493139
959755546
768839426
203285288
921670113
999727713
636394033
199415978
666740881
588920120
280655051
209648293
665909569
563322051
122536047
528179582
412007599
720331753
104928367
567875728
139565715
952422617
831532161
603185638
407982426
229510665
876695335
852499378
531054040
382580164
370106969
344120132
562683704
476381268
351522914
379644195
998486707
610185899
242183334
927965470
468159177
278855648
482538477
480826485
252264808
360576356
303528069
115859654
63144602
273337076
30372078
406158257
206879706
621627726
659704846
531761691
965824346
388716186
23383760
627389853
557539893
594387337
626261862
536191281
618549057
962477829
97055576
837470975
650056271
495624891
335292821
515591124
642264959
471310767
989148313
701977540
995316722
710570611
176213218
771485427
172443242
788154186
30167379
482354859
415029565
788820620
64429763
535050129
804170972
255537861
333449834
249119119
523888547
780509226
689405400
799461638
773460983
721582390
614568849
461864661
226677154
277034069
557201483
917516736
410972813
520007680
535734457
521763644
885058366
594970055
521717866
130051964
302094173
623303541
439728857
715241329
602106153
354674231
311720990
811056778
432029902
701822238
725324196
769520050
249055944
529649129
689383689
252342876
661011552
363465133
776287046
90181344
810862286
31142652
841286955
317101572
131041921
130119610
156983871
430302534
297685317
12081154
780424460
635236271
544189482
275516603
111135814
638884255
925151438
444290166
833410795
272935632
399433401
588383342
320682250
418778581
265738815
851069440
926966200
755543777
318365146
89888431
297495119
230874915
80556468
324756989
366232679
906721366
928935308
190234473
656622330
6549420
323762308
725057260
836240536
161083158
489615555
608407104
767995038
959438168
572552816
108170873
813811612
290105762
640716366
585674432
781059814
459751629
274001810
66280467
130445268
190585082
777756383
476801011
251367331
324957407
345759441
664555991
918006048
750927829
88318923
110166981
767352628
824794754
93847455
88334233
14071098
418596614
732581440
615074598
2496034
995321893
429994363
278475987
609757060
146293986
646428178
896802639
857469144
966631310
190367398
798601975
297830819
465057114
984300139
857703088
330025953
127396442
401546168
323584631
334019419
972043240
496443720
932609825
756208825
325659726
374359707
29937194
231650639
659065097
969833578
911213447
304119242
773078454
180355831
407100029
710506221
647798263
959249386
581706627
83773256
393811032
691893489
489337253
98712392
629482933
844703870
772592824
126420138
994746339
614810933
245389596
80697861
945852008
638660668
269697536
122519572
657413710
734561436
366963313
475630383
118006947
778037297
702321202
164364951
735263959
92512473
657847563
635453761
853149058
173320003
428437617
98180929
196691735
760552053
350371612
617509898
400051984
833422389
332201072
572440799
770153504
469980923
912782891
992190439
849009783
146961443
274788517
534280836
956723761
926843800
911737587
284086483
30457327
625540075
294095481
68609266
48154363
227271206
705028104
115829286
974797060
772801087
625002744
309269105
678211060
672055428
998045105
298254905
879928759
364541885
587317712
751679530
77713077
103012704
934693155
943248688
375548066
915619338
387791338
565970209
46661790
178204671
979507205
529323319
676996450
386791113
874716071
875299278
480196056
546197708
226534931
595022017
691549332
127719609
734187345
589582902
474228265
384772579
840640008
37911568
132272437
256320459
217741595
102506171
199123002
301610423
633270252
418604215
90934458
896914051
246173911
40575643
256108179
162459695
835504815
533612513
665587669
877288522
550808240
239392491
591531422
360268103
705247987
15914349
805433509
916878016
379898752
319158802
39668714
543867507
669846702
985481307
173638984
92126589
54582024
272503088
843041918
78318395
703107685
613167838
935310052
407919383
170812401
751290026
83214187
258361935
818537930
22293843
33189656
419630472
116677376
429426958
611851283
312378835
273492203
932017490
272427812
247483311
343207492
747736890
966098654
607824498
706055842
618711112
270809191
853035702
801393050
396340373
426769511
158003373
543152682
307743844
164439673
572757207
732826987
737016977
712578362
455706951
880315057
81712299
424448544
74971884
671729562
627522288
905753913
703477982
538728211
755410208
159389301
61565551
511230409
695098940
836739559
53885538
295655823
356190533
689856795
460042732
871145252
920758669
249604636
149265402
304565864
173183884
547452371
342565803
834844136
903303178
662465505
537400839
362897416
730726631
518466185
61884478
193542123
336649270
8832375
640807207
311183264
635283922
108972053
48370002
943608410
269014069
958451257
235989615
790571284
321090412
186430793
944635097
429046490
217596271
903980815
717382603
248735219
628838581
756011232
705440927
778119206
218327838
555011534
482484495
706387881
27981981
769681526
784129033
679766575
843700088
24544329
973747104
651619509
602645301
263784971
944047634
568095469
761886712
42253559
315464403
890201692
949328881
235752550
183713283
227064851
937105018
319806957
318696650
842377523
562306320
442612479
594957757
198515254
100844133
759718071
40710312
675652801
873123559
562925184
258369438
81795224
508011191
32438809
525224324
44702808
889173785
751208584
147028541
313367431
114267123
953663967
782837703
252664375
923274566
374901296
438810096
539211248
297637092
418779357
816801355
828207063
924773089
159316282
878692562
817505520
265078875
912909942
352377458
756529360
637187170
673342257
632091828
740372092
632243829
951695066
469360025
182267854
692934841
79834006
216903283
362948319
784827557
813596064
23500907
49136939
560252817
44216103
853850854
681724466
907448689
66673423
925802610
63598344
770045349
948062048
880223313
422809766
657910185
615233422
395405059
800642921
524833578
361034178
958384347
919177977
388098960
923391106
176793619
747984814
288087822
899743738
351752330
95602683
401469977
895353513
451360895
949994353
437434176
225712296
251506555
179354584
424105285
606720989
63210332
167355799
69127161
527406227
220493343
670604769
744922530
604590149
41306964
759833594
166575612
540693578
226573642
970918843
276407321
96549897
420962260
723388221
444174993
452810752
692850631
427564116
105130815
900330261
850732440
282994519
81646158
483807202
114423823
666037826
82642212
804661758
241531064
572593408
126882927
524601985
720731207
348622804
609107409
83435024
263714634
375178756
288497764
95117339
657644824
21631705
61799842
813858068
831941667
35284144
869041969
63340298
94004605
671334498
289334609
565598941
196506629
981717359
781701170
209472883
720635023
161038504
400894075
721006760
775700945
766832002
541673062
397858239
945877956
127200525
541368859
365898522
34096968
31203241
512028406
594911853
822765400
172357676
428601184
268627778
245039140
811599709
854012841
223035860
93741956
382617980
435508391
582815944
855692569
483421417
182087915
554268020
38265185
334788120
709473036
371868200
819418316
783511110
193016422
668044508
476271650
44859180
445496565
779055875
248084297
489005557
653661887
250223654
671382539
74104009
229462730
675440873
71409453
76481728
867029656
312379842
194644863
655126002
84137321
5078900
791217582
995340621
65266580
719999537
927100595
492279719
763694224
63143588
614238635
545297769
87488187
698342231
48214107
30257470
589067311
545619545
38462552
723287126
181574804
120974702
998762820
336516565
92466668
743177761
924066155
104552307
408777274
744903383
436796746
490591929
912906030
143636767
974588617
829192734
682444126
928665196
651230649
191356090
930931100
317677823
690806004
307845325
87058186
828250334
557441503
105230768
687347727
817934866
123282569
221801612
385514093
678982090
270341038
939125545
685192971
54598931
69570013
227526253
310338527
698887331
610491126
375900065
914884622
308663640
343287195
896636359
203737706
499692153
403088052
483054064
448100638
932813281
416260595
908955535
213999896
169133127
934422307
462694576
679252523
687730845
467818710
36479031
467905143
880270206
731650547
893785488
526955861
174715046
169461587
292163734
197218766
290371888
589709884
656184994
719654277
46084497
182167813
572126210
80818182
804731436
14916334
788573195
638675540
264186876
955337962
136178714
333310328
587920011
346852027
724212524
305632804
157194965
38547439
567722780
672214354
82190114
436408486
670415088
354852360
690795771
964864546
213726391
202162875
293139321
154326237
846192054
973050688
413229989
937216123
889496409
834936703
956868639
123747819
73809564
880899516
286049325
121446077
746385667
461622845
477533874
566770038
58387419
637848327
925476510
8940991
254170735
864228311
788562998
60581490
95745681
889800923
735247055
526374150
624101447
743681143
727759562
161635993
797310441
494072351
274880307
616681745
75817287
559888143
857393021
847571072
941765540
323853490
601589121
737336970
22507589
800584450
418481178
168611956
777842233
935798778
51762793
662679701
865858314
209061396
60650497
938607066
989365215
373380052
207161184
417118834
642007305
466660931
280659001
944452845
207407818
489293336
912699216
19242186
628179541
704281941
802025567
637957222
795578129
751073681
885195436
717469203
723775655
679463615
490923884
352706135
1341897
808364447
154791732
857602568
453898641
729837258
640547254
759794512
610931417
9038851
179000202
604954567
121293787
79424810
706645111
848276295
70452038
736980909
353363093
395130542
267218953
335964723
68089347
303999395
874532735
916240999
385416820
442904413
934916523
614048200
532213061
79126378
998775511
135905726
141983233
513490906
519027683
587369648
163622526
478413549
924165743
737369352
76631922
950956074
918809472
996142571
825809548
347832339
365765387
922503869
91755781
366601418
255739234
835658127
439960260
959014185
329875593
140372895
456395965
125389521
540982102
704440162
354943112
12734767
749964069
592757028
973134550
933928733
127613065
118301051
817196862
228113571
48509829
281780367
203928710
40521692
942627088
176329954
247375967
750772875
910140803
842075617
353727408
474183411
150007592
341475559
319987829
831432536
913286675
100709991
67946819
319519537
253072733
748272252
93426734
431933375
138307875
366421777
809439160
66040766
84536257
55037689
8613892
71022348
547025968
753060765
492526842
321559199
964591326
768996774
937492029
796202577
78621279
746601650
189526250
681116774
902368810
344423411
513149802
858633222
492644685
561296275
429149273
527848661
923631571
286953000
190236438
320181988
350097926
10411314
899016282
994610422
447663509
667806235
110946858
457002514
854343631
352870660
283322578
455491915
842853691
883862915
641425808
844266039
4907753
421467265
337792814
138841845
100530346
566588024
101644460
926629061
659904713
26584758
222503638
510389799
919130708
612128110
835884791
724358092
516669621
771551059
788214810
600874373
468501266
708875115
366254910
447881581
650018657
8284834
111455265
72403777
551216412
780968068
190858108
671781798
335181983
420033723
707238108
368287199
718491957
948868208
822419257
78603499
47408371
560941010
729327312
78272367
553138620
956990766
598130072
499710010
531021703
120838180
417188281
909473208
587247825
84252988
663022954
966914397
206005304
789740256
531028600
556496810
791779759
324210861
410128449
503401354
569941804
612968310
374479109
26827894
776742670
827268959
317869133
114126518
861227195
852559805
935502610
904741220
46356413
581178452
267525197
915805595
29133606
618653966
477778843
555508102
582472484
890129914
325003316
429656763
553478619
524604670
753636361
4836114
5575367
752984330
107442618
718776811
898782141
13706168
574318665
696463821
131214536
945081902
974613726
714671968
750080574
279189728
20693219
878866608
887781194
120589811
791611758
647907024
262797697
702852321
856290828
38725532
248952720
96324792
372332873
629459649
486215831
467317882
344684022
286292694
92450111
354540300
908181465
86423127
12511129
544885206
33347137
79907910
959586685
735213597
207135492
532490453
656813841
356162907
723005721
758624609
764967320
168695243
590257939
565496697
85231595
203395368
318297882
911838150
203581914
591458314
663248799
589189738
288118388
998461741
172239678
202513864
689219977
86591545
386794
515754836
857546470
865636386
340812074
321469351
474702088
959201244
394829624
651143727
161404680
853952413
986136574
801945038
834230821
423885293
510353652
42976906
43430211
963623401
64150612
464857105
740483070
530805193
829172516
132630871
621416614
341760814
261772122
369159646
314129057
960952986
450965118
763104579
539659997
829327015
876878394
527886963
852447848
230503594
11020407
762060338
391464711
344605892
123382353
27759503
157574693
78752477
832816534
130311258
478699163
780224548
972324296
539834514
689472596
133889561
731962710
376752332
713349688
940364800
990871235
458102128
555138337
963241716
612329578
311597224
893169211
383213486
780810027
255156626
187143305
860617266
494740133
540204854
252851342
986110069
39622746
108559031
634590356
47676207
600572936
620217320
557317571
944155730
971322792
205088332
801987096
434507807
858798677
738224299
753443039
338623912
616225367
112179343
188831332
557666027
901432193
733567796
149178928
321616247
225620726
27309755
61601435
146852524
764183450
777653566
324511040
854765878
444859113
529980113
625110987
277512813
369906550
47945374
831236496
498511950
788225808
92810875
719868387
346228695
638305305
59500085
83528489
781564728
267142603
294006139
478711022
422998676
561369902
593608759
259864458
608057607
845466092
877102729
216482021
790856389
103656236
655260137
863086484
319299595
697562268
438927123
681515319
970239876
548641400
212162021
759623329
802302199
439954651
178186947
788902893
808266222
312738681
749343815
985672284
487710499
396514574
963157245
493183672
992688407
888768691
171650076
281551270
89098398
292296965
398174992
424457612
753503830
286670000
125573387
834262365
432158300
282689272
122454399
903623331
137916879
956778710
852023524
72136439
314916030
709860206
783329166
74837062
277692547
757400597
518726669
108563900
536412050
951025476
353640480
210301541
297229718
785287847
690863664
78044588
20640971
811828564
866679350
916437577
179297936
64105472
144132325
762962426
396980184
483398966
946412846
511202952
338746793
476934064
18371029
645878523
331272882
781589816
364595886
746693791
757780952
295071849
395703075
765452353
113863813
499629946
386285886
265137566
76914263
526546511
135441719
722244032
798592570
205993474
635031916
394548035
221667627
253795758
262886765
325327716
381828331
643539762
891268949
234678918
43783495
705485715
311707429
638419766
13129728
52487394
611144806
190727278
436093098
466707081
172346088
548710633
117346301
252545248
307027015
575563030
943804657
177161750
764248232
688492572
961825365
348790452
621353028
757610939
816798957
89692364
183837911
119366400
884909618
336608627
78403150
777618273
835728903
37421480
997842522
807727258
186237709
866726418
166882398
681802587
894159201
742332899
256563354
892057754
369748738
976482329
284854452
903828469
399321185
3156694
729926059
210303920
242226937
276745807
446781191
34791142
389267850
841294810
512402243
869014538
357535154
803736373
92937681
344006912
273968285
980964492
632793586
487032504
10773487
558562252
55829285
674899328
578760204
779078458
587241710
788313854
481820990
801589657
742518243
294951416
4996460
17157208
70674714
280317860
837929303
290728238
119352255
84035538
217429871
191027521
616128762
213112235
49881387
79963742
299033771
865128738
753920009
555355224
903393390
804008871
104173735
160840964
620482809
784664489
384723353
794664969
127230691
289008499
756769849
341290689
809212075
124298592
163668865
726679749
75479255
642533157
628379389
348149303
809177255
212814487
290053075
169349256
681956358
305025740
846312564
886072399
810236654
65228989
