6
36
216
1296
7776
45936
264816
1529856
9008496
53258976
315221616
866880649
55884899
483506201
876846267
552401777
463889233
455943071
293587581
319885589
238945474
722988084
926302994
76526212
838282896
222174451
851794981
287634868
296988385
956264019
12167659
256340194
473429329
543641180
873062713
32786593
707495558
807536573
561579222
404406847
879459863
843577830
280044553
475315352
650035834
550711406
779857452
314565255
301585581
934490973
833297068
244107807
61308453
429600225
623235754
475837300
682069321
757633788
241060300
556711079
851849284
873655308
513049896
528195130
590560762
216246798
922688268
960420558
558615981
573385682
667992786
562208852
15241170
878927836
147872407
366069032
758587486
356186164
992281671
786640941
822160174
104690831
300812911
799991003
665843811
830321018
368412359
162583625
889484458
329014549
133127099
79006269
787648593
44202476
789970658
158420892
371483335
394842506
567847649
782189325
14619420
900032482
349194688
353628784
349910365
122462951
776570303
685657759
595552668
516951572
893580695
225882152
48899614
601076710
545779687
245608708
585457303
896379716
308121822
482111785
102191533
654760125
114694544
656398661
846955008
701123312
96855058
695085508
861748887
225965815
346218943
754585662
254263001
83283429
702237861
782564988
884763773
114841239
434773045
928218488
4327297
513923986
545570998
138006589
760525721
892239096
950578511
592131399
790111529
59215362
950026603
215333959
570941138
293577780
303692737
627552517
37612647
934819233
825796973
343536720
728896940
870744572
921201185
911973685
260135303
940528324
920859488
580668012
617432375
24484419
564416898
152311700
505052363
513278853
165379605
798843148
275239716
341719660
357981971
948297437
115402920
534192423
82107452
518262805
220920490
205637014
198459996
168787628
80312684
133977811
302674860
91226821
18942832
33522940
678864532
982209002
61901125
682791241
427429026
805553184
335229685
886072906
466309551
751420348
497918557
356373516
69623006
131431845
428535561
957319611
826471496
361448577
309304337
109368080
72913812
244440483
507407610
321141392
395838285
999986593
909227432
341923279
759953902
490959374
204394432
140252500
182352078
415892282
437026271
104023096
661399339
240365829
590814250
733536023
311125043
187833855
595423253
8744249
831231883
765371001
823878399
422292921
804251259
852392914
123575179
484189133
486370517
414883365
148112350
236078298
867059835
529033495
108628028
391231173
304464292
646932790
76344894
737850276
387727189
295805505
68382074
731849881
573495804
850181497
87202701
349149440
467761464
59496677
334327187
269247252
617716458
803948544
199943134
720174629
236922907
172232746
6563384
999945987
211373991
724713308
436577976
511549628
182522982
307429306
328634460
994128562
400524077
794062600
338964715
288750417
241606313
610438937
299576509
864358880
56091403
452952748
842937609
11727542
832030403
733639893
265885379
120190798
869754609
24978317
876379627
874669572
265954272
70644047
584160445
276842115
761753911
267096942
36400674
94457786
591815878
14095307
814115858
685315284
668999265
784753644
297668503
818050703
804556434
84609840
366928077
217778971
152807360
320864403
413536550
778677631
722454681
120930751
587324457
528256072
200553641
918162287
218573633
568395193
972548076
607716947
446896244
883463244
793470067
3575704
600504805
634650744
788435331
831903891
893833365
56585096
156494673
369183516
856453412
786564380
32048409
759414743
399546209
549565718
434735256
155705447
708570560
606503203
17268841
829106241
426378313
963909998
803091631
867460068
160211277
484784627
158271327
781766016
622188939
482527717
25478784
347542629
328603304
169239371
960877141
37138480
681258356
704480393
72548181
189259687
840832234
420485522
928991047
345360856
70310695
182869744
666628754
120045847
746946112
712109935
466644486
157340625
587465153
87177336
569012281
960575934
897128633
473596677
915833636
719888745
555983212
338758980
468450987
843306763
956410664
379948555
657370229
738050330
160146554
292635163
186350783
274746357
893145265
778212536
459836213
274287548
379589366
634969102
508270887
356133635
520759140
508424536
620463873
724443922
526531928
525851204
677966115
295633701
120428181
108841951
208200228
749527976
789985645
495006253
722881209
542990192
756315492
866974279
779420375
848658178
515105043
719407759
556439406
221264174
69727954
235324763
613381347
346349966
874569756
95250918
732740880
871761456
222789585
391936606
379909732
406908324
508758593
942901782
125973735
28502060
174991438
967152166
686690802
393260406
655902821
204650143
696978912
878746354
790733051
402636798
94874128
72930826
978950379
552197916
309965797
663288419
241424350
938438744
726427374
536043927
230327444
867894194
82248411
8381358
640009821
687839977
722334032
62710799
235227277
983797049
931828110
144781998
101006856
759867712
17845829
925386863
656937184
644194134
171438244
49400323
678521440
175509372
644023610
969015620
885058786
859198971
472012114
775145327
292141172
614091268
349541618
452670297
803779724
831745289
693625024
985395183
953023632
387808179
277493352
314141395
783673832
947371702
767027522
780891321
812021240
561414225
278836887
541920843
478665257
161023753
331523491
75895569
846222723
626555818
53630559
639958893
442752306
492363015
87409420
821073455
526575431
279605761
571904738
503847329
400647029
893987194
607904276
755389693
901613183
276536339
741328412
965201339
178207366
673201038
395173456
900601505
390904578
693922712
329179388
656374528
210103562
581857757
507337857
836807206
513637971
111712607
685844742
978123037
422328949
187953352
234248187
168800635
276498111
780051279
357356221
96095400
101133251
35034156
83818244
664733846
567132865
736429769
484005383
261114951
128735170
263557817
213153411
314389905
372836488
307039173
132526244
185773740
531286287
135743364
701564274
884210550
909881917
527933635
699603932
132577812
278486955
489778165
525724754
884823686
609038219
382824254
368029743
809973619
145513794
170310346
65054829
155213354
29132504
463848138
770549486
330908806
941929428
961774575
183734511
175369794
284719130
993410020
707675923
143985172
881135731
340422433
333460086
886242270
576968441
842881547
640356923
888749394
141638361
895127578
957478532
846081531
486235484
516571783
16129749
611815393
200509562
578892490
318049351
566188274
635123453
570323562
518653036
300081252
282301776
638550283
303488731
984577082
351359382
375753873
859590813
896955980
875014533
759923926
461319864
939953785
172000430
431109968
78481776
75362265
247993328
168300321
877092976
991319017
129342331
186232030
422415006
308388813
842504154
856987382
934418346
624338789
302442326
342497954
947239708
477939076
259426430
962933619
598985913
129894091
448514554
545550992
623243797
277029583
912389637
432132350
278936826
417658879
959621438
410443031
494931183
227598772
49745399
829024229
367271890
825488430
697565369
507897188
782844448
51408812
146445008
124137991
221106270
238215317
558821615
611748281
748471802
630134476
231826890
618582064
923554488
602613593
528845978
897318105
445069557
280408051
167521808
213340528
529502296
681837113
847889305
667403139
370499408
364393665
883181374
943351286
159176082
833655938
143570960
402069717
229577574
895557913
888749687
408252719
808068992
474314906
504964733
320019371
924652218
377057680
123413679
270379770
509207221
843225076
681514576
196575352
440551843
366168944
713604055
762019426
878325482
453278197
48751252
868382014
338600187
401724566
660920837
66844323
521376278
2454932
966972086
388394624
248310217
719289432
658859051
253432998
530939855
622278176
517805199
642203508
446378915
989257350
981941160
178852959
394799068
575547498
120973479
197581561
377836615
770455580
680616894
610500118
118411057
364013850
822919269
807385336
809459927
212743196
313641614
816884699
977374504
294818405
259653408
125464780
482063521
662151667
399390866
780698634
437943172
180553724
601913547
630873215
748673949
61232014
978038390
495951005
201091089
154337568
22356416
323515174
720199524
646177763
27858173
176399985
985833037
919610326
346178191
891157247
214920843
95249148
375157550
188893164
873805162
428471118
330789302
473989296
52909927
234510041
667411177
29675760
16070412
300224561
718585277
345673587
740220157
869132123
271369269
935297446
708794962
118205706
357249487
815703593
266650190
290898962
521128398
970169576
971838794
158658885
687787524
990464643
144217336
45903932
48979925
685225768
674664524
348174157
658863350
289413518
587576816
641814209
155373363
171265180
143170580
618465872
495105516
800116924
496743834
605891566
569390129
994434666
822962582
290203596
224592670
30498276
709163477
617430076
656050217
437308456
937669211
910572509
902179773
547280726
154726407
18986848
44293587
146664597
40558574
912456369
737663584
356677117
257019875
100851916
323245232
688279089
953455630
604061563
590567548
414935262
261869637
819764876
553330978
106377592
985660807
657957820
811486134
179387562
605811309
149491099
995694132
957119812
616749796
10822704
211225639
767416818
963777326
466074087
637404640
8102445
899950752
154203014
977384809
866676705
536271331
900290871
758712734
392770842
746738086
889035159
171073150
953675819
484220799
140563810
914863675
134578578
835043836
634090883
215479007
76640086
726396782
491000730
443532861
107801638
793996322
735060797
351044935
889208817
352402133
621183623
153490276
230355854
872435510
210510626
127397470
808151428
244108108
893259446
233253078
670475892
419820703
450516304
754329304
44423734
734960558
507250975
186782247
38043098
416785081
112436215
233633604
369414113
187316132
989974477
497995907
237008688
624885225
747915533
993553561
670139082
532556241
568010193
563260261
429790374
874530216
726014817
46228866
262786143
378818216
753410855
497902893
938809495
738701263
576425029
