3
9
21
45
93
219
507
1197
2847
6819
16371
39399
94929
228909
552231
1332621
3216369
7763745
18741489
45243255
109222911
263681625
636575235
536816080
710183922
957149531
624432570
205940797
36205905
278193961
592361315
462575826
517013550
495871003
507682869
509664650
524708156
555704275
631167929
810787356
242113171
279435471
778153117
802281252
333676935
397765453
23877720
291152113
379943498
719470553
332947255
673189279
635581467
414670531
223065064
575198868
558179328
634416600
484269807
444930034
158962772
204945774
852918344
979679389
323264232
421259000
29730307
855654833
911026333
711641940
743179867
776857701
909685745
617889334
745980591
323157183
627261782
413163763
502378999
701678290
24975118
919657783
316076457
122836029
300803105
915282622
893234058
202671036
990336819
636971078
218825685
720929867
760619243
296648900
54705010
206780731
323468838
409708753
499598495
620820266
509143890
763725073
373125580
614412660
831004355
842006382
185038552
111158394
872015275
989870325
885512208
259310958
37231730
628334
203758546
206513193
82006609
1018242
512902692
920904908
879285608
632908822
992617233
990230382
298597790
760459763
364638212
360376903
129066536
207305409
3113505
716643108
528305831
324597037
231952855
934861827
799377850
285771824
269434876
420856315
459516550
586771850
476157418
730552911
375611894
763222541
374969037
424421350
416518315
923076639
839550981
371764573
18284759
420418138
640791062
918874934
707499636
344502945
624008945
48982973
189065783
121708863
583539979
906936189
710154036
791042416
374184385
934098409
100866575
76262475
588509672
446885351
616314823
148667592
576406142
98270466
38890267
104750341
973880888
43945241
981903843
653375331
925710041
61983421
252487310
406824024
463189357
933067177
769054120
307959831
821622643
827584400
189955141
357307261
930761533
958185908
736301503
346148944
83315010
56662764
655884383
482391000
278509647
156497409
822551058
690489388
209506806
346526578
28473404
535363827
468115071
966421437
27675834
17405027
552945286
240472899
146700307
137142140
141430515
253258334
84470968
579169996
233035837
471990345
760734922
567403467
896233810
944281442
943150328
989627699
665861683
223160676
173038262
373548411
626255914
393036302
983615793
637675992
303351945
860051345
916534203
630583500
730836416
538471126
191457219
858199355
290884508
206675521
407756492
108738039
478489262
622494203
366804836
852687748
125541832
800460107
919734608
886563398
636184168
295527073
610467743
843014772
759644840
208681440
349936929
544632080
921654867
43324800
299764243
416766853
562594510
262712216
582688853
352056400
931524482
354498103
703879913
470339989
492034698
365243430
841437671
514509698
247682039
6014874
722243826
290259543
138661028
866011767
8871734
857840550
997068304
262679806
907215887
734415027
444052044
75313202
704775997
662968861
661611472
727187113
35084665
347353190
20783101
599010442
978891776
607873840
455810346
540753226
609655346
93573369
151570237
823820564
559827531
58859951
220038480
802044144
242618320
248263396
3234951
937314716
521428400
887825385
887314444
896253577
821274772
270491582
327745716
32923988
232223142
301487515
746256390
543687962
387437218
783425533
168839080
889459420
180976769
699182630
795467422
739461729
171504801
195710665
125509728
906427666
511301926
64551987
235623915
703954718
947208722
497265547
8788096
885565417
49535987
321302755
399530533
97369927
907941865
934314170
774636818
795325903
698087235
522365617
385421818
268611233
228911516
675304866
503793823
913432332
510068895
37253118
918797962
388482287
313078785
966178950
710609017
469885578
684407861
337901333
941899169
837416007
731647553
997316138
38601184
501756265
165956499
269833430
569025286
395128720
782691612
247322756
551392662
47572510
630812939
567529189
721666549
950932782
821933403
748996123
414192680
870049831
601157226
613496218
661949946
218061291
919869659
713398030
282928322
37314421
771214347
929662914
738519715
928339073
466754383
841383928
650695058
515503405
33967319
436876340
133887658
283084786
131928651
204981181
778363237
430051299
964848573
922603406
41253984
562692738
287075786
488479262
173250620
864633158
283804531
722746145
49453389
523097113
87595724
10393258
121931128
259752524
959037884
508978880
313643236
790514665
880072468
872707108
601783498
37970833
961469422
220950755
625108754
976650349
343932610
651776569
140228828
190500490
766757081
462285011
687863728
80076364
828350727
713648720
474582967
862083738
374890423
6939384
983113090
743649449
635970674
775493388
717343927
906126425
985444552
863249794
394123589
789524223
97433552
790832327
623566451
106695004
712127242
350588522
301673103
717474341
319800426
828622671
212132846
71154102
644254275
884562968
756546260
30634761
975695386
483071192
75862710
926701176
722215279
298106904
537308822
384554513
245222991
32685386
480108627
101222653
948558845
433860111
360118849
963942516
533368350
819883487
772184296
208665533
823133102
87598455
75410199
949116800
917008458
803578568
255308380
988702800
927666305
270130534
568529977
202745430
195670918
916339971
146158494
548114694
904098316
135829400
294732933
505981530
866900339
918962377
164691513
268416189
400774854
229083300
38129644
183781754
443249722
287025964
112485576
644737625
751446095
592299016
513453831
546101664
977221354
449518277
752126807
201204991
350943809
975368548
621389938
734264490
678310917
998987376
100502781
212602076
446417131
450363668
704680936
137972206
603799352
326281389
515319283
239051118
856263169
73376258
6945658
954039217
903594531
753728697
270323973
142219150
395105213
632044584
206651890
433148826
160365006
388751831
960542124
419924998
545354033
278268439
979615220
860185107
90307031
308845095
598729383
787357640
722544362
672278231
787986471
518236532
534276769
17492964
269950965
967900416
46960200
603717507
206797414
810922965
164150652
427133797
99938398
44038073
892951560
616398360
329232921
183285865
390683489
863016342
923501329
211682993
746894815
912285292
279942062
580673599
756606113
117679354
124262541
813819029
223308715
864142315
2913774
392698435
914745073
399943445
415115400
57092117
533972385
830193088
726432628
819805168
607945983
809674240
538018394
438337998
741298474
558262974
47779421
170380919
542428398
599079866
600989378
815347015
589813946
213506706
249647558
303752580
666635283
679325917
658540640
439143291
21866088
601167883
785230365
217695996
384982157
713048634
582535133
813934421
871607814
989809609
219702107
458892764
599826144
489358656
439036002
690261728
973204131
650807215
611786855
364993905
846524885
899762202
978380797
693605530
44392119
793521572
479648802
279832997
577460422
821113019
133059453
538750564
48438392
386878179
24964214
477453902
771770138
15661761
838408546
519691858
699672858
776233062
936547476
155617110
611266295
426042806
17534117
378777869
740649791
379819603
937697979
658184478
176778005
371860560
683588122
424836884
579182043
392210126
858411539
649762607
507675313
509661050
912274641
69226126
630290519
294648024
919443236
412954790
989613978
336300576
885753269
575606421
448883256
108828230
769794335
163588670
247598750
912667877
841987975
516324379
48198986
555338102
21171494
633539674
266725164
7760641
158875670
180615540
215980949
185080867
13749665
336061391
381857064
223367124
75664105
317752757
777818648
187111874
408821641
328183436
702338622
626790040
173276336
827850475
577414403
948474052
294665028
106543766
42286997
545954745
57773124
119612080
109945350
76027496
456636146
996883664
194512046
324652145
790144602
595378200
610082243
391052199
658133013
602445851
333661855
6353086
978079193
64859777
946730592
428963964
377649836
596186810
452589634
956923592
233917493
174805451
789132790
826156114
264576968
384046408
134491226
577982279
244145555
121784615
468179431
992297907
442440888
847309985
41345577
823951535
553329339
698975644
613596448
452565066
813488545
36619948
370202774
555261807
216040492
206131241
625327736
189125585
954706236
46690141
728577489
135463419
579274726
554274247
579702897
185330123
682274609
173670490
125056828
251136864
78474424
954670839
361753927
503260399
739941552
728748168
768124260
207349893
870781931
207558018
486895450
70304292
775103686
969108805
950873805
256008575
196640264
620590948
794276173
299346622
454474591
626255004
215147128
626216983
455208011
32422464
585510129
256526835
647437379
165732362
646316993
674654824
826245887
825180740
190929979
751982583
737871173
985023589
10158883
350557942
813790022
382893786
329549982
894481406
375756244
653209752
541879256
853915242
373872570
585526740
645739387
101981694
58545321
528728239
650633883
573470641
850705698
862644660
907232278
61477015
2316745
369478229
429008734
887361678
166965775
872262464
222325907
590983194
329330441
485517446
810307620
541113125
563387680
848684595
876533420
888381808
120723513
213031888
916620731
883533282
604150275
382130260
495967163
422083954
678450875
244857882
682058193
461181632
922501007
138154749
882988987
906390761
529999651
484797700
20260727
880214006
653991222
582164622
567183484
338697104
260711386
625116608
898106849
824626253
715652028
811385242
297173393
532775609
45223126
264471284
342458699
400180215
234860079
730234341
6454249
146309297
562573270
846081765
232529173
552432924
153313756
652771571
493860840
491415941
121326541
413706804
479300621
547502350
429137400
791169714
572063690
350716048
74307305
860729066
572582793
583523540
678657163
656682525
285495761
460174905
154191089
10376169
649263379
731568403
776884741
424142392
186639509
23375970
598150531
145906104
42146372
747141576
979601318
301699638
695298749
247767091
341658327
194207309
548666472
260959182
303127330
918349876
160382032
492211404
449038332
715076530
457077312
511350579
686686358
669517116
