5
25
125
625
3005
13825
63845
305185
1470365
7113505
34401845
166503745
806139365
903547204
903216119
542977028
323080384
933588563
245001466
217963321
20482429
724242719
945621102
251636219
797004759
919825210
822599660
349963818
500077473
334257929
415474473
765534864
75450659
751510611
940855832
454939307
857438052
269311339
868193738
636253284
543107901
444295312
393049096
550023504
269687722
415037856
160702893
983851846
876104646
484301180
472412264
968994800
380043137
167717021
42995301
983069050
671176971
624289170
330424964
61476901
45130647
226165816
446113672
354234637
565160207
545594530
984210595
232676505
40124991
355459187
949474415
422368151
104837259
849846993
875653792
197146016
889963925
540275550
430537803
634514368
572099317
789694139
563227379
679905738
442991152
320743182
979599664
35983656
863940343
809051192
134592745
760616225
604628555
259250251
318860304
962553330
274915486
881345057
74416543
477951251
391440771
126696970
476355018
862912079
226671308
816176300
919821483
49221490
64158956
763655810
60326013
104059692
817385963
189092660
31763966
863247666
620792744
244707683
720591409
657047905
446821380
586521350
274822829
981413379
922199961
926271286
821511643
69877001
215540111
302153486
80965455
339912179
717034118
173928228
572350180
995092740
710793600
457854599
486909280
511145705
496910496
244774019
957948283
286446902
464804390
239905147
53971738
711788926
844546293
713833043
133230815
12024280
288347948
256108152
276027945
193859220
2975720
571101769
893222278
528944
438055717
331670549
224101983
885208156
82212657
396999487
639324454
809251222
545909951
291512673
893313702
29017700
585348328
587519638
775933400
728636844
641909466
740067850
729337196
64819072
50202077
104166837
510609187
543020764
257539975
119157336
489666801
71979690
965334183
442490761
957105217
865156151
306913517
443303052
341302587
396035991
156762324
664850400
267078350
991918341
203831414
818177558
98054674
394964623
729298928
243463039
598135674
601277576
429644524
679722936
309764930
199890449
665639274
54571686
688631417
209925607
620495911
176569886
699541101
584187376
575623893
997926725
297909952
400823776
457812791
297008323
144384355
499992175
731646080
956410373
708240637
715825499
177663763
214575261
244252728
870224448
485032299
761297384
825974952
687603560
792787402
518050689
10156791
157020099
633000866
324859552
326523631
323036285
615381227
612594357
547391994
796325028
319711507
370368817
892514715
764515764
496360408
388146204
241899310
770573420
549548747
228134148
495250227
287933133
287537202
947233342
159136833
156409517
206893969
141430363
783758389
239271168
416072229
877525614
931048092
270980028
355144730
674099162
557530027
120437889
901298225
77353721
864794096
450625203
560910203
276701156
882986314
931844476
437918199
927510243
347938773
768762233
530967525
929066022
457251258
518941830
493754159
763892687
56334590
813205650
449168792
355598328
373353360
579090269
65394734
31267299
598301748
205874773
618963597
782535308
362030079
187724655
630033974
765957822
13293033
34866147
224956934
842534298
901493465
444334844
346322213
725200911
552728362
344913706
560405062
903058054
500999589
897658206
215210377
946961472
774552841
15287674
856659023
949747565
172881946
493415667
654197627
578609428
198820567
636446164
267923621
110283624
15069070
217977950
664638000
500504822
680863500
955384871
39677242
375125539
553852812
994253834
758605684
772724856
449950277
10743801
462807756
27001479
357552965
13850028
858645378
225513
967555418
683701475
373334489
278289992
45104200
915134028
311772760
462039044
347765557
60672638
629179004
650437784
525912059
403462246
329796934
422591204
887971674
416546034
253935633
885117272
505254800
962782403
686296010
333441335
259111329
185349085
452366574
639103591
759244451
551637458
244286656
661903170
871489379
915376921
186909844
142823687
793498422
599688767
749111252
362135811
563578827
793381837
881530707
375647450
5895597
54729944
530895354
327742022
232071403
221170637
463800124
710475355
142673041
694827449
395386311
876705718
589530797
338533362
147117395
720947882
496817159
557351716
10563292
495445387
115358901
548144568
275165257
73527132
672203939
312146340
185493310
780836293
668327347
597438063
460587527
671688907
224408400
288946258
418397199
230578423
443678630
162281212
697001862
318890518
107020182
722221656
501284203
558942264
659660630
511333132
970699514
385200998
772589474
747256932
581058476
378992660
742692232
771910388
489251450
816476404
499341285
163102066
557949532
778788538
756426782
341055438
176615563
310944322
112909518
891138593
710361811
703424931
379707587
164524807
616972831
471790331
957739105
838627901
468592848
427554356
228342550
886705978
472409240
202019936
287534565
462563277
474807063
670411669
84910136
874393848
653708918
978183131
766294642
323483577
10597468
848074606
274718507
225294649
735245452
441870949
588945917
660943526
199359690
765644275
171419465
575620232
351921222
863464194
586372037
512532734
560197258
455935199
987814171
256585677
298895927
534836048
32686990
488677230
184274957
449239341
545599511
531567586
77098314
926224368
726144915
619640826
679116819
987918433
815655917
669542658
293654004
628940642
11478987
887649677
727075850
831301473
279380888
779043686
919039098
666542359
74375318
881483328
603818878
812050844
739072015
676225813
577743018
667895773
800703668
945424134
748573719
214480762
764135700
272810714
942774672
525398332
179630357
525804353
862026869
64400603
111399655
604613444
706638638
841248392
39966448
596572635
763071556
383019974
134612542
541732314
787824414
647334271
787876791
244498673
786527504
352899679
621100722
864053213
749274000
949732816
684758528
375184152
544690959
662709206
171022679
374761144
259677336
377551465
327951913
298961089
950978298
441821690
62481227
926788854
26054251
778057742
981435821
991407129
496966815
742437729
46310082
182248247
166671913
671496227
386370510
287602155
489134594
427281128
478188959
699861201
756712454
72277084
949473707
503147352
671413360
395909118
311810874
741806540
793707169
451968349
817572833
972744413
904695331
294340091
355483944
126592736
122054889
881276320
319114962
667649224
925056456
522993135
296503945
43080691
502316053
755341368
991100584
683915362
26915456
858880744
523261399
933138610
661479950
828098554
607667613
959552109
150875006
548155602
101231544
365776400
816355657
352127362
672007163
196197253
689429000
47778019
31601862
684496336
92240011
284336063
771345353
945168303
492299503
279692213
557631195
77967478
393595033
676334000
493756601
426482743
539164824
573700046
684771989
636724860
358302947
54092770
316348497
633875609
301662097
920446671
147941044
28746115
56885954
47569364
492252285
820683645
882987270
393340030
336710317
953808490
223563866
781812687
437651456
830808979
807198273
583247376
897582262
606887442
10616549
78371255
628368409
867679031
93611166
7850850
643945444
720559140
218544212
835550701
411091926
749492530
686232333
29034680
515726142
509903602
403506168
737449088
95788689
713124850
386513594
141622637
732267372
161038706
95705901
220996063
371538731
481043011
454519878
246471588
271950233
277744686
347107267
482759017
143190829
880335973
91262939
166181339
194016593
700308683
733615781
384229922
356134217
486899759
996421179
165492838
495348418
474659962
179855555
678689348
286042787
674339907
775227589
588310656
924037004
944245776
449318647
716829544
101405703
657011126
923972986
879775578
224696
828997844
645266216
731749045
292357363
731630073
67358270
26858529
426365637
119106992
150517630
764351496
293985442
31534330
868795867
977172217
934541081
483726496
758847523
365904716
942956631
669857453
508495015
919306140
866806906
610254356
318510337
791349564
972488989
575935850
594927737
965366789
282317038
144142356
595975171
111854721
782115748
625513637
553598546
320381065
397801532
48520392
62786301
905190894
148237151
687172476
669727748
914924174
635283706
767096500
933832281
984093183
137262898
529664967
221159643
124718436
370981428
139344116
885551172
179647479
521418337
248748010
609298140
772491654
634079464
214620692
863670653
959389190
232851779
311570016
897071017
475513837
434105566
257991270
807179465
392340027
715614650
419172385
128466218
808283425
533837824
873811191
422289971
315692355
705412219
226152581
491660383
634316721
156521993
25410181
251161420
892012208
278018717
59604820
48332504
462081175
629081765
807297715
975138373
580055014
559981335
933023283
536251625
423898577
182538365
502819902
224355851
757120952
564147135
371038751
834341339
357923257
150259725
61240680
582742756
347547086
726999175
187645822
364011864
837127298
906479282
127238876
867107838
155062771
700421778
408515852
960047323
863952001
943982725
220973632
288369483
206970799
719704209
261898074
7270102
72361389
995540751
239485950
609067822
487135744
55856264
268124725
17065484
239446610
77576069
218845583
583240068
203890122
372930550
569572299
618050726
502947632
172224155
800668049
452358430
531336043
792578851
278556788
141847880
870073619
236344284
17203495
854341796
337603574
906191405
196914551
54812416
25426557
284474174
759194313
103634178
997565565
464568897
382873045
941168905
940870481
811928139
74496175
384381885
109618056
37711883
626589359
525939505
192795299
872813701
764478521
196350774
633311013
133179331
80509006
616004189
617043173
706823972
800854123
5089942
214752780
106606801
425669755
23451256
584072749
970477913
974796954
562826059
737664777
790246641
627066140
300845539
637194847
800845049
631326812
421945433
848546838
850428531
649152951
13161996
288103655
311874811
890390332
412880067
255416988
528580561
494629364
982980038
622033368
176579809
586852122
590352425
668579631
183930051
38620478
545132068
602840194
658122975
231670403
783265414
410291698
640910409
628592510
