7
49
343
2401
16807
117649
818503
5623681
38675287
268615249
869163296
13073990
611079937
993727399
53913585
640590288
868994356
401217177
254756223
480098846
543138002
966380710
742573033
362519843
14675419
487759357
999300341
833915923
314279646
6871396
844009879
765135375
5875334
11775247
13254195
443841515
654552976
938100748
495998091
615333989
284801544
173555787
540951599
234678025
155357689
595288264
761964999
286627266
119533964
837722689
186644491
768348482
702399639
902708395
311583988
472053092
488118378
233803480
793498577
21584398
617854772
261594300
44867240
598998392
477383380
987976117
717981890
187315096
943432647
310371315
804518701
728298955
450927185
318998737
565214210
878481742
949128795
540309348
858480488
352338762
317208298
563049179
735103787
104102872
976638927
797667282
11229945
987239774
872927299
124183924
360870141
865114405
56253386
177277900
88874714
448942389
432839679
953200468
511073178
353208082
271882848
969672163
25363253
70937824
486688581
404477043
767350676
170673185
226452599
736382777
45513369
488703036
13587194
265188940
323551564
392544388
329179264
6885974
598505332
481798793
295835537
69062220
899895359
198163752
518782060
935011494
404818589
112566998
556695188
634378478
732676352
133564137
25798960
193298356
855713307
204322908
381244187
99958364
645214603
854968698
761606044
174031106
580375576
375096267
4042802
398792982
182009096
712526812
701765145
529181804
898317429
218906966
719999194
931622922
668224987
780444040
230502621
228609449
870103393
674777650
793626437
648050578
907175631
931406075
240459924
218092788
547053156
634626038
717023446
661807111
829708357
658291434
586332674
512966939
762728931
694141692
967028920
427782731
633092410
376050359
183920564
781817233
413836967
307910709
903776010
735892798
360738914
678174213
679236172
230878321
403079653
18665482
125768823
239596958
864116374
97967758
164383767
629900360
638196789
923141603
136701840
214754547
358587833
829751999
328923797
353441076
380213483
26282303
297254335
5868613
2804722
387059151
789502274
185565536
216434038
273338784
37460503
511760986
93984652
908874622
421282496
444170090
884470432
755614212
142516228
504636462
396195545
286125142
7933538
203866982
222528724
584452396
838102232
919259323
827747738
798228747
984871279
83323932
614553409
317188959
599453658
366214896
405655596
544339391
762380748
264990881
553190122
745310410
832579306
867339092
915374156
834066649
955025438
429394766
387272357
167262517
759376675
597491451
904484914
363960933
633469979
869045398
218247070
677542228
266463992
628781904
352670081
920327926
739102297
722297776
769735973
871216671
179144317
369182406
133076429
758782403
614749959
23126417
611193412
263102922
357226773
643396416
664733439
387347124
952287997
953921137
31902287
440032754
519994385
699983461
604314455
477818433
133088502
776998234
37046088
716909887
919953839
746467362
470875753
704813293
236350668
137391472
781319293
557397018
258605993
825603130
633770264
120219964
161242140
770294083
968912055
769043077
914989461
742475560
791199780
597705298
143948906
711016349
813204420
334480714
70916094
593569258
151201476
734489825
53821683
934472370
750372726
109007291
91897246
629348234
95787596
267174621
745263041
833585806
629335411
342403342
514257657
749404347
403376794
879173901
477788834
267084133
692055821
525193066
432645307
984143871
244269129
993654927
641511135
815706911
67968059
565386750
494889725
247428568
327446664
293181787
267657704
208008750
276832000
230134734
714521077
83640043
566428115
29535296
145354444
666381926
992112333
303250442
300769344
558219753
628526301
195453048
873328727
999488508
119127320
823973672
385145810
95322745
595040901
760705507
791213328
760567385
494253974
742897137
412440299
962990851
832096729
825444941
288642346
665228848
692776352
73363926
184777238
909283670
930479128
275322065
247158237
792801839
2410000
701281960
778213070
826204767
526184552
257228538
782169419
718587159
914504970
639124015
163863493
884038656
504826951
860071021
309959975
38347352
854746839
634606311
884241458
232316996
983200937
891492380
344290847
77481841
907522128
109619467
70397465
855069906
598719426
956990300
118253680
572368217
72442343
407001605
61725142
219572643
818360059
874558766
420027273
269721981
662588904
295926395
441380516
455798575
525716288
814167938
517070940
101572240
768247011
64990242
429353707
758851458
365415733
63353856
604083981
434063953
238407692
835804407
435878084
813677691
15558888
313755891
993890434
556444135
935504183
445164547
921416833
917311543
305154996
876267739
687953473
911664477
276402182
611310944
429065570
882095163
581939526
130983922
74623550
104428723
860052550
587003273
940816882
331076967
712614144
323015763
217788746
628500179
95837865
674274020
465299869
456797181
719556811
217508845
116704753
256760539
565652063
698487345
326604509
339052721
452756741
925265050
384769366
916680653
84273659
199127790
75349084
203015140
957805373
448206214
262495534
831882953
863191071
784277439
961172493
967082205
35052118
212677337
109016816
771473153
692518049
491290797
457001111
180638852
908776752
575308408
552289897
981945415
301688301
893651695
443611357
45695652
787643939
655203707
823125725
375936115
480154625
827273254
781986460
541938441
37572991
941841991
698344135
659078514
428070727
660440618
470430926
813254157
294014266
804983235
850966425
160966510
984124639
755380420
145327907
243973607
145362937
771942256
847262344
988135631
156684600
95907432
908543169
905363458
719744334
811521121
324035062
874147282
1465603
618284912
445236657
720789153
513501751
341159373
140138314
541805397
453420651
320744071
505096342
94309105
807420560
800181653
819022152
973141258
491372156
355861997
581583764
721540902
494636456
331219251
953416932
74262439
101959789
570706319
266346924
950315396
926931644
868762916
515808888
192974944
708626232
771189883
821874508
585876161
634713126
534804776
785707160
785189389
641703212
64534607
775830815
859375261
896368177
894509449
982895522
825503388
689650461
318669343
28435429
834670404
529501491
536213735
448405683
877347124
430112194
716075911
720695600
974864583
627736496
784288817
897877159
622704306
965990627
243871396
567354932
391044921
392501721
868019920
483910326
93178245
237390332
707642737
974345266
220724362
886730626
669871365
286698683
544974147
432056417
505656733
920595551
334242238
622910271
361875136
776855658
34108791
13554819
526351331
708122408
471374160
916175358
572601309
616132061
111940766
287789203
929105083
898004199
715005783
5011234
251270289
795341977
512697251
685815063
122175000
432084140
351293147
50321005
537630198
521365037
565166790
998506174
599976964
356120562
251697559
922209633
50946539
691431108
469040239
791709521
901731696
62203853
61720794
783354165
801175155
685565080
721508507
561458386
426205881
99821790
236660741
552810124
482747934
813085718
337719844
143737357
164607139
325719238
465064843
365548771
320137441
729467701
557107928
96657256
751484922
715922174
63382182
667337721
23254825
298369593
770817270
474670255
315813323
479477445
760613328
412291648
447402298
908307469
252899232
500497734
585664578
407137399
623235153
969295735
150242298
387994081
565533089
216774852
20802303
244901970
128567852
994408602
914752745
789611458
838982607
173671459
60952943
509517803
246241248
507129663
301770571
756079512
53760705
707937766
329996788
642122386
339910281
944317505
171491994
424352209
786098411
498444100
449433235
417002277
636702824
398470255
873046321
288677382
192234880
485180841
951084340
667751172
433130514
581772537
882330942
893260669
757824951
799618313
391896200
760707456
306306925
219289633
230264461
765390776
752821824
689347238
715963437
519618472
175823110
549523642
631366629
274943597
611254882
673754986
219392935
33622979
692445481
73519899
723465773
227129639
690478335
539601836
14257938
116597352
507623919
370145417
198940614
254504559
3051321
630572127
132253970
525465336
510748222
208755076
429126646
317081050
565952514
858954792
220701546
789982579
679333856
835993588
908108052
83432887
997838712
76880135
752903152
954845099
71532273
100887663
119360162
510771288
185201807
971654817
711254509
628973616
5866765
27601812
394425028
388746544
309710008
227796094
739335192
823670203
734229447
620169205
398318695
443947189
851252283
941263639
912330096
227562692
813059077
409528677
513130076
371453208
372505334
744644916
523485418
116397963
873126306
479734481
220176352
538871615
16955402
5300404
68280674
927904380
95355245
407678313
891212039
956614619
275766830
156987640
272070191
212699676
672209895
407573086
688222671
83321735
150777084
610353
302808282
488823560
66761394
314435472
616539264
570167937
409611074
432461009
458437576
10430010
473666970
243122471
67361471
130858591
817915033
180770105
485388636
804333527
423609225
184956147
484352738
97426104
611334858
604617885
369461637
195548363
12073676
423668123
638957507
247513929
580849571
632670478
17359851
928067982
880375013
877988692
97073268
640444
202765381
386978645
456900132
18359292
468484526
127728769
140591097
696022006
96819132
578244181
311153197
509217567
485575347
688438856
781473088
389275273
272302539
699928222
31407625
573742253
58153620
724747928
841414289
34900225
929966167
732167117
389317452
526445539
797991304
138489830
399503765
74772980
127361172
505686544
242553876
690174324
975996786
391318776
293097661
287721237
537010775
90922266
456475536
810808005
882250232
933127955
504990650
213224778
50003397
95233964
508053195
950693507
26626488
837295703
972557561
546746439
122862544
817301243
120233817
891778514
105759935
593122136
580312716
546235623
973419695
311335688
203284752
652986323
664629007
788311330
318365547
287693815
242690700
954480542
12584853
736980722
824539901
315914912
1441853
151903866
969759650
314081832
283589078
425036192
848438797
450858417
326811269
514294204
18073252
89941309
478311797
53251374
524255828
341977558
443406847
674536396
77525002
795670357
330343761
862344084
980824058
44544646
737722966
115326384
741098
40059354
252369002
962340784
98351620
785361972
641680939
270707616
775573424
48895804
193867201
229989533
135844829
793132998
628712170
273515303
841226361
122168750
675079541
264061761
216859219
458531593
768818855
152773135
700211308
356927416
836246350
455531679
767078625
8199350
735747214
640426119
657148087
162099558
398671823
958808603
893329634
714075086
442341538
289014593
817690304
89580447
838219806
852337585
584306955
407063361
433068236
286574795
132629054
585194298
319390055
580916718
459350023
941982158
659070140
442865787
474163003
185607318
745186213
591494830
27962839
854650202
754692317
742831544
731086775
198943593
101515030
16550634
803840449
928457514
995159835
562660149
447546090
570438566
141162002
899146412
371266752
3765683
802485534
818021897
887969429
1635087
723727888
966262490
255577171
979202458
648829575
206826049
497195839
715384563
873377897
497465292
655382657
32013700
191286688
874592593
643723618
170017352
398252188
372889269
460056745
380256139
894827323
104265041
791380519
334513004
762168628
600836585
587262163
772966973
582271961
908960086
144605980
880098077
339553932
891966301
796833272
744172571
752348952
964658373
418590646
517925949
580404767
886323270
503035611
519377886
536039306
875512993
813415791
998918332
539100027
398950016
488518975
197455673
243160214
649655505
965364886
901658768
640635944
684683182
435857266
676636807
510040535
353431774
874854778
720547550
133052327
183214975
877259885
158527499
853742671
991720028
271580775
986345195
730693440
260983014
116963065
476862539
57963261
433887548
242880850
675769262
348637353
206437441
467714556
725031351
366931153
163267750
466635106
668483682
188344404
863965682
614419155
22809758
437550083
877693901
706390846
216477746
480948083
993032275
457006524
762491631
814337727
951023966
61684087
922759448
999708154
926064145
402894628
949214774
194524053
985191859
755792976
982666865
190757429
439775759
359395460
216490647
113139820
451028595
709357281
584317651
938369936
329880751
543816131
302094428
105876399
774701323
204103744
542575252
704087566
178589281
178793528
812881499
455057093
300757147
766349147
452018345
889322544
604384343
630372316
386291396
400459978
360271231
271195237
325064227
107347045
543423973
793494285
107004169
87254676
808079776
871014313
225696659
116576093
459062239
347220169
526782726
799371414
572009348
588350642
443604614
941257499
926546176
55455761
287839296
517640038
928354312
98030491
401363845
223179531
47817380
357841919
468045398
248544826
73734911
122216818
546225204
367495255
113830422
168100990
453825466
399223599
743001621
260212554
865113646
57203089
585818457
481509809
421143863
446325142
26382163
304588406
789643201
745227457
725301719
525829859
659330158
607403133
712505355
550154883
142543164
43259249
647826221
275038798
587693918
411249275
72945818
817781082
975713350
755935410
421905155
763840497
358259170
677565591
403323726
949151537
39505044
646930089
547358938
479959080
804341424
98367753
537455620
209894438
899297861
582380339
106150198
897790870
184721189
686377361
349768938
598203088
801737984
212907580
94687461
484428461
861047116
727238822
141947186
930775528
88627556
213718949
693320427
244211217
998624818
12083955
863940182
399924725
666931018
200139150
998526628
963703357
55966533
427596040
513418834
34115591
816083736
970055796
916370185
336734285
766730360
763798538
979471535
477491760
512508465
708373399
327238559
745240447
208279050
57832606
174014606
369138902
947411460
859950617
816128884
758942437
829435812
676747310
787424339
860571637
649208593
29076775
694660857
50192460
144960102
964554591
530542470
625058954
767924710
598059142
148225615
935748252
197005853
616274271
787933553
267266310
238302566
415497125
232910698
890091667
497610635
840325262
505895726
742754861
166173257
73002775
642798579
45372063
265054409
286861575
91898621
238455848
263137960
914790438
120323577
594426260
929301185
487517553
851248066
824551914
89364464
759894685
934277193
934268790
394979964
584410277
756512713
934543176
972454164
701841765
255691625
29461266
8015533
100287348
553899236
553918546
863885018
182811227
742041700
60579276
886121459
343113193
672503369
530137617
328384558
75207178
34006155
736502357
18160044
108384953
198229239
27882269
504853163
578048629
688961271
298256480
893130876
950642183
934436947
224219253
40054210
916281088
235186832
457762898
193382011
565855976
704476636
92011051
784304390
17458497
302716910
186935361
188028313
288299628
551675670
171725226
215913409
742722470
640063279
389060649
970852928
948975285
472065538
453646880
137827555
232334608
73549247
376268688
844349944
106071336
685680498
446068251
343788440
89655466
721674238
205061365
815948970
41106703
865114993
209842667
38119288
372739480
744955692
688057069
999766282
141392284
400386878
930381151
647376900
54068781
239146143
971986818
132360577
668463665
39485921
244673296
133593202
346009326
495622430
125952381
749009523
406598744
613820694
815225048
317271500
757839483
234902495
809300319
560575425
518602087
686244602
478744536
444820977
552597521
666032842
483498739
207082580
943012659
629265412
666137799
950709811
697987132
577068885
608401236
781546678
176371054
119169417
460090584
228967297
719334498
653603945
431796493
155729517
792443133
841967065
784568028
202745808
226692470
298789784
673374566
687773162
410115082
79141798
531878893
516689010
698189099
767437377
303231227
790898372
926961393
798019800
599803293
725065163
929456545
305052786
586638808
507804800
837006516
841326923
591532772
546679338
358297553
454045492
390560421
949956474
270638468
545149326
725096034
490826372
962102397
272760355
955118900
757129280
146827802
338940042
513608902
240160018
177576070
951204262
271166840
543359818
665561332
418872197
383669668
293203697
886442326
862015585
279669284
611538424
355788965
866903885
604540767
664194902
933132101
553936705
482703812
96385814
574125637
777389605
789084524
991771758
919300708
453272486
139052243
795541118
37577871
341314375
283727207
856614433
149093786
791487056
959487363
189695493
949964314
3151573
773886575
949496257
193506787
234449846
780265665
817591024
752863098
950250272
118070054
540356210
585496154
34748956
852925874
121471545
111615534
765815633
731033413
114108810
906557717
507373900
408628804
290354774
846866841
70653884
613850407
964022972
571067234
810403041
477890048
126927320
989314941
928992717
296360593
410332800
557023460
276579527
760857154
684921067
756442420
513110777
978858717
492297359
917096062
30384111
51966474
955136853
479371969
214911277
389249933
799043894
254057454
62006699
879108068
585727329
606322015
421339154
364276795
682276089
615212592
134837231
818887560
817231465
706413779
61018547
354339818
830874240
65590699
344309924
15989915
854323583
224782281
706875002
740547502
544965252
413924104
693983889
268964595
81730284
754023159
634793185
512127258
582222911
76127462
86558228
802396229
501191545
266091376
399813820
752700043
643093754
606038170
229631688
135073499
480754460
377969222
715595320
599816973
5763163
257586873
189869369
289664178
584413677
962774742
137017077
920201281
808646749
619022562
405097575
674591989
904564330
930688161
832342304
138504428
972119624
914655659
67016782
562229554
52165085
209307862
901023681
467163231
839783366
352052957
654329951
286293749
526307596
649912666
788745401
725551467
283018516
288671349
840993822
715454186
750190706
830914457
133577302
708714107
791319188
22534414
121320201
184051854
759147736
97539998
97480512
889463629
355570081
310333316
60034833
949505317
281204641
214801108
833683177
558707061
466935447
103853535
218935442
343440213
8304255
746195166
443286320
640224435
117849628
395677016
176648524
71395682
671854016
349583630
722282496
277736326
602782373
842637275
356731145
577737715
647125746
666272000
569465773
581812589
492964759
414818820
770251014
171956927
398732025
511544083
986783429
112014716
690941965
215152455
266279710
949847179
436177021
604281489
490486565
711854152
697535559
702335908
959350243
181448811
961496515
938375518
905528819
321008140
203350439
644577554
840310365
489330759
627176188
6879370
443749113
394299099
296141479
652126231
285102791
61423818
374397943
162300972
946408602
180854612
27555896
514878560
134832725
11490155
758645415
182261453
536346695
114801223
82802699
888282388
826963403
698554221
548135593
734926579
604173206
388560025
404995570
24564879
346988192
536331266
957325652
741766802
411587528
399575617
402732320
742743798
718128280
58687585
65018915
551563776
773383892
527122319
518715183
934864104
82214544
54800332
273896531
400580461
638704899
413572591
255159260
351922973
176449264
293338976
982886734
193506545
855349473
892719664
596334471
316256224
824449237
474685437
363128646
306746228
842998439
654624504
522810426
192037438
346217291
317120048
946252373
752790849
866714461
465919571
599395672
441955479
565250634
816483003
431360347
671244190
350357102
702921851
99805520
814712506
321394257
612669197
608014849
859401772
642960709
516418108
110852841
891686896
974402277
333812445
400712889
297155010
509013655
847265234
561576875
590743243
376911955
982792877
445574586
337462746
397373579
538965428
570410556
894582236
540299892
34707431
329681708
608567114
220953520
348548869
410529980
239312151
550311740
791674389
575075366
355775909
846731617
889716738
374966314
400112372
701929639
928772982
463240424
749328758
655318272
3956460
926986637
836798772
149888880
777937968
850723420
244809989
671677821
566465031
528951059
288931287
880151316
493287657
150023000
191137049
880718893
118989842
49132965
779430175
134233399
671588576
243215462
586711170
17430956
60886419
657378867
997608825
