300 10
41 34 124 78 164 5 27 61 242 27 
204 2 82 21 95 47 71 69 167 235 
111 33 164 141 53 44 57 237 23 178 
16 42 106 40 64 105 129 50 6 93 
23 84 140 166 131 39 26 137 218 41 
33 139 30 177 173 221 172 129 77 12 
90 36 155 255 52 50 124 130 191 7 
157 153 209 109 221 46 130 68 0 155 
10 24 183 141 2 91 74 21 48 168 
181 53 18 0 127 128 48 21 17 13 
116 35 149 19 3 208 144 2 85 93 
87 203 0 18 180 98 89 109 72 238 
38 190 158 15 111 2 255 146 86 233 
42 144 198 51 121 257 89 212 110 3 
161 189 223 85 85 88 57 32 54 89 
129 192 55 49 212 60 118 123 79 187 
37 49 95 16 86 82 155 1 116 86 
55 253 8 32 113 58 82 181 96 61 
50 73 44 39 153 54 245 213 122 68 
5 191 2 77 14 74 59 133 97 18 
73 263 92 80 113 2 225 43 223 81 
103 105 131 92 86 100 260 74 70 233 
211 167 85 140 24 25 94 158 266 93 
151 118 52 87 126 10 70 227 43 9 
82 165 74 127 128 20 2 123 61 125 
64 16 226 171 47 153 90 163 140 29 
0 58 107 0 139 160 157 8 113 1 
60 84 205 204 235 72 85 116 57 126 
171 169 122 212 96 41 123 65 232 96 
53 34 54 157 32 83 11 48 38 123 
54 75 125 170 126 205 150 79 134 134 
156 205 48 0 13 55 62 11 24 143 
73 13 272 10 117 95 131 88 185 189 
145 114 40 144 35 92 64 3 75 192 
149 61 141 29 74 77 115 113 24 159 
28 127 175 70 147 203 163 6 10 189 
42 119 91 18 5 39 3 98 84 164 
113 212 78 262 119 44 165 8 118 1 
132 152 63 3 23 200 165 28 147 37 
63 181 88 8 221 188 46 149 120 67 
36 35 138 129 124 59 157 144 26 25 
101 49 215 242 213 242 48 26 73 4 
112 93 65 36 214 52 236 82 15 141 
211 237 150 34 93 116 62 33 103 156 
24 13 28 80 18 50 161 76 209 202 
48 82 74 2 169 159 108 3 45 92 
113 98 122 110 234 61 59 15 37 0 
164 15 15 30 188 154 10 174 115 151 
115 10 188 132 189 13 41 63 28 0 
85 74 67 53 68 29 150 9 80 216 
28 64 5 126 16 166 81 140 21 21 
15 173 24 45 223 6 18 7 81 136 
109 156 290 52 145 8 212 31 158 4 
95 69 23 18 98 196 233 22 92 25 
58 2 198 192 78 48 82 75 62 97 
97 28 116 125 58 140 147 155 192 161 
46 14 69 63 75 121 15 34 5 57 
61 69 30 150 110 136 37 93 114 91 
105 104 137 70 108 81 73 94 126 72 
240 74 43 141 19 85 16 115 166 93 
0 195 261 268 58 168 10 79 10 191 
64 164 55 174 72 22 189 105 150 143 
81 39 212 162 108 108 34 86 58 106 
66 267 32 74 147 122 231 83 123 76 
211 82 225 124 69 34 77 91 96 28 
26 197 103 8 208 237 13 1 11 249 
92 81 165 13 34 30 1 77 102 181 
90 137 79 69 42 258 126 128 158 13 
283 42 228 134 18 167 81 250 114 258 
56 107 235 65 86 33 130 92 133 166 
10 137 128 252 44 8 32 8 197 49 
115 189 12 51 133 191 54 119 78 31 
40 25 83 193 52 60 40 85 40 192 
10 278 71 73 120 26 282 59 18 149 
24 8 8 177 70 74 11 119 256 183 
132 41 154 162 160 104 36 32 184 40 
206 241 49 105 221 16 78 79 150 29 
81 76 153 84 93 143 14 255 91 148 
186 44 77 216 174 112 46 91 157 240 
151 26 155 83 180 65 113 78 40 111 
45 275 149 33 14 7 167 22 10 31 
105 21 151 46 76 122 66 155 60 77 
148 61 155 97 52 181 155 47 18 274 
98 74 22 88 32 180 126 101 61 155 
16 61 74 50 87 110 43 129 12 181 
147 105 32 20 65 58 106 106 166 96 
120 88 109 178 17 84 168 97 90 85 
86 10 213 85 18 67 244 86 127 31 
252 68 37 111 77 222 200 137 38 89 
147 84 187 93 82 47 204 84 25 64 
6 43 80 168 111 251 79 240 31 79 
253 36 65 135 180 25 171 59 132 105 
175 62 36 2 8 76 58 146 74 180 
235 0 155 188 68 115 25 112 55 142 
21 212 68 17 90 35 169 140 79 5 
61 52 33 87 153 20 18 29 252 170 
5 94 26 23 179 110 171 121 83 178 
179 35 87 233 35 90 62 201 107 134 
257 98 97 138 163 28 1 104 101 97 
263 163 221 21 10 22 12 215 38 82 
54 7 138 90 54 4 25 124 33 23 
30 45 205 50 38 235 30 108 37 72 
93 134 6 84 19 132 84 279 236 118 
28 19 237 156 1 93 36 175 174 19 
41 51 90 272 187 239 53 181 5 176 
139 68 83 21 226 122 228 99 123 234 
143 2 102 187 37 0 16 235 26 77 
160 5 22 66 38 11 45 25 42 163 
202 99 3 48 70 158 56 131 119 31 
244 103 15 19 272 233 42 0 78 157 
133 203 133 222 90 38 147 58 102 90 
102 95 8 61 294 78 142 47 145 113 
210 185 204 3 202 54 52 130 44 18 
65 52 31 11 169 203 52 143 122 34 
222 11 192 80 16 120 148 79 57 162 
2 220 122 41 17 92 167 49 32 119 
30 31 52 30 64 228 190 77 36 159 
33 37 130 93 61 162 107 123 190 40 
83 159 245 65 40 109 150 21 175 87 
87 79 38 61 118 40 159 160 35 14 
67 96 38 138 176 17 52 133 155 1 
34 193 192 33 3 11 68 227 89 247 
31 69 98 236 23 154 61 85 16 166 
8 23 167 69 130 14 27 99 274 58 
189 189 40 64 26 103 12 240 195 141 
109 87 85 50 255 2 262 24 232 28 
46 83 25 60 78 55 27 234 136 1 
10 90 171 135 45 25 73 137 5 217 
39 146 115 58 129 94 145 75 272 80 
197 3 125 34 78 36 178 121 163 177 
124 100 62 148 16 137 193 244 158 43 
119 157 64 15 229 215 215 159 100 241 
129 98 24 133 38 170 229 178 23 0 
5 112 67 177 90 91 21 134 142 186 
21 76 254 27 193 66 0 19 190 139 
8 114 39 120 27 188 142 102 104 156 
8 233 104 242 160 120 143 113 91 15 
56 112 51 138 24 184 1 58 141 112 
60 72 202 43 51 228 232 69 7 51 
192 19 7 205 240 109 38 71 71 114 
123 166 56 232 239 83 60 91 59 129 
42 56 188 154 133 131 138 98 14 7 
216 42 163 47 130 117 114 17 134 71 
254 266 64 100 51 79 143 61 172 34 
63 46 188 157 23 146 37 118 92 123 
161 30 269 0 79 114 95 236 128 9 
103 169 83 202 57 181 66 87 45 64 
71 15 11 53 180 30 20 177 86 4 
44 210 118 227 209 179 0 53 130 149 
154 60 54 29 228 41 21 33 170 129 
60 262 106 97 87 69 140 33 9 34 
135 193 93 151 140 37 97 251 92 137 
13 96 228 109 240 69 93 262 114 107 
5 13 93 103 62 209 148 11 35 227 
40 127 117 100 200 154 135 131 23 222 
129 11 180 21 85 100 55 252 75 140 
40 34 39 112 62 131 157 148 50 101 
93 144 75 104 26 1 43 80 118 59 
28 54 79 66 179 102 15 172 23 48 
95 8 11 81 202 228 105 23 15 5 
45 233 85 168 85 48 32 72 201 6 
71 127 168 33 71 11 79 112 61 58 
26 43 188 19 124 24 194 167 46 89 
140 50 156 3 0 125 143 16 4 141 
35 113 112 18 96 86 43 11 55 147 
70 127 113 96 141 141 13 24 203 193 
267 140 125 60 107 92 17 3 43 139 
28 178 92 44 53 36 46 4 38 186 
156 28 151 166 17 187 112 99 44 1 
42 68 96 162 18 25 174 184 214 203 
51 37 151 19 83 118 252 69 137 68 
227 182 69 177 114 184 95 92 190 190 
93 49 14 69 33 111 52 208 245 120 
71 68 257 47 122 6 106 45 23 50 
136 91 10 80 143 145 149 105 227 104 
156 227 186 268 111 189 175 32 89 12 
22 36 153 170 85 97 201 135 72 116 
11 138 39 156 2 21 8 28 79 80 
45 226 177 147 131 206 54 9 45 116 
260 35 149 5 75 243 230 155 0 154 
15 8 40 107 4 137 192 212 82 51 
37 64 157 210 68 132 137 1 83 156 
87 10 120 115 77 74 33 78 34 49 
112 24 22 13 162 160 222 122 37 106 
131 136 157 90 85 184 125 155 38 28 
37 106 193 5 9 54 106 192 175 136 
18 27 112 9 30 34 223 144 36 16 
71 44 85 85 18 106 8 141 236 116 
84 36 200 23 140 104 83 241 6 88 
166 157 74 55 132 196 90 67 46 62 
126 6 150 86 22 201 212 157 38 12 
61 43 61 239 8 52 119 7 247 13 
109 139 36 201 58 236 4 2 5 32 
81 23 227 113 140 19 113 151 171 38 
12 101 233 114 49 22 16 152 91 110 
55 222 141 48 168 172 174 37 233 18 
115 52 24 66 44 234 127 5 91 265 
259 0 143 224 5 2 246 89 45 3 
101 53 50 46 125 236 193 56 210 76 
150 52 215 136 84 29 50 6 84 17 
16 88 201 150 93 38 93 180 20 83 
96 190 89 83 17 153 13 145 51 118 
13 154 17 164 31 198 22 257 58 110 
46 265 40 242 64 70 15 6 96 111 
115 45 48 19 88 92 9 71 22 159 
99 120 184 112 253 41 8 169 79 107 
159 75 24 7 28 145 14 49 138 93 
197 55 141 33 36 55 30 52 179 254 
76 1 31 80 114 157 238 147 18 131 
61 281 233 2 202 121 145 122 94 177 
83 40 223 153 168 255 12 18 1 6 
2 23 150 211 150 88 1 198 184 187 
62 59 171 32 141 115 176 39 83 46 
69 17 20 42 273 73 186 281 45 185 
35 235 86 248 52 82 36 119 65 78 
286 11 47 45 64 39 157 20 159 98 
210 67 133 136 75 56 3 267 142 95 
86 37 26 165 8 114 12 38 6 30 
79 38 21 45 169 8 62 70 47 208 
215 89 71 59 31 114 170 268 55 36 
78 27 23 227 61 34 87 153 26 113 
6 159 233 52 179 126 85 144 7 87 
19 15 53 157 59 9 165 219 35 128 
69 131 78 243 74 24 22 157 74 83 
195 183 103 0 180 8 2 57 120 228 
32 82 67 74 87 64 214 46 155 263 
92 119 218 148 79 166 108 125 118 114 
147 56 60 8 94 124 94 89 1 102 
123 127 37 27 169 14 44 36 176 152 
137 188 16 174 15 156 16 129 142 72 
26 2 16 65 155 17 243 199 121 133 
117 60 74 101 8 95 20 129 72 8 
22 137 3 90 153 99 22 2 54 134 
126 234 48 203 18 33 279 44 161 7 
245 172 28 211 29 116 56 20 196 220 
206 145 91 238 104 242 23 25 211 24 
35 128 155 109 179 2 32 212 161 205 
169 228 228 71 140 44 145 10 116 64 
26 93 5 33 5 38 164 118 108 96 
138 145 144 62 118 58 43 103 26 3 
0 123 66 30 52 17 168 79 28 158 
25 112 69 70 111 211 250 45 67 117 
242 73 115 88 69 9 121 19 120 54 
84 199 36 157 5 49 92 70 213 217 
177 153 262 54 34 150 45 47 121 44 
166 18 107 250 232 220 92 16 116 59 
83 235 270 80 77 95 3 118 85 160 
101 264 26 37 38 133 68 235 96 261 
184 123 149 206 87 240 88 83 58 6 
220 66 23 98 70 75 88 119 90 19 
97 145 258 91 141 32 75 38 85 13 
27 26 136 270 148 77 35 237 17 133 
29 31 242 0 16 57 140 41 149 39 
75 45 26 83 35 124 170 83 192 224 
140 170 43 156 114 58 8 67 28 190 
70 212 64 75 182 6 126 236 88 238 
212 159 71 10 166 70 25 174 143 129 
163 234 101 215 174 82 200 75 76 224 
137 29 51 194 106 171 84 179 7 74 
38 120 166 157 55 25 128 27 90 154 
117 18 56 182 39 1 127 33 31 126 
142 16 7 45 121 82 6 70 243 63 
192 17 181 21 28 129 124 53 241 264 
20 88 102 2 49 75 38 195 101 123 
141 130 120 35 174 0 175 9 122 36 
52 54 233 155 23 242 187 47 89 188 
179 7 147 71 44 242 53 49 123 190 
139 62 224 185 77 48 70 116 26 172 
52 67 28 229 82 86 40 66 222 61 
41 50 172 213 145 10 28 21 4 99 
52 135 130 82 151 83 58 172 14 184 
12 41 90 11 267 83 150 179 74 229 
105 92 224 116 1 209 67 156 148 7 
49 82 36 179 119 9 31 7 101 69 
163 34 151 24 111 140 55 128 32 160 
37 248 104 21 233 114 147 254 58 84 
188 216 29 129 89 1 20 36 82 28 
93 258 183 23 94 201 120 20 132 24 
57 32 166 190 28 44 3 3 110 10 
227 87 63 99 18 81 58 238 57 21 
122 67 143 134 19 11 11 5 51 198 
242 235 0 223 50 110 217 10 19 248 
251 95 37 107 234 77 104 62 237 32 
38 145 94 78 5 149 101 127 153 142 
67 76 42 15 247 165 69 170 68 152 
56 95 129 78 52 138 72 8 147 11 
19 7 99 61 135 32 103 67 54 12 
93 154 12 189 199 89 12 87 203 129 
27 52 183 154 102 76 24 123 32 69 
189 37 35 52 150 132 193 90 77 205 
228 22 85 74 51 37 189 174 46 127 
33 161 50 261 58 71 2 20 54 160 
219 13 92 218 70 125 12 82 5 101 
80 93 91 157 0 85 2 68 52 135 
37 272 200 119 70 45 85 79 82 119 
185 16 188 125 131 102 37 177 251 63 
205 141 162 95 118 170 138 123 65 35 
99 292 224 31 29 18 192 61 228 49 
26 78 77 44 125 21 40 48 51 7 
110 77 103 40 74 69 85 148 258 16 
167 100 269 258 262 245 181 191 295 36 
291 153 292 116 218 126 138 112 199 294 
203 122 273 211 268 47 262 259 141 229 
35 290 288 242 148 146 290 70 201 248 
129 154 156 176 208 144 223 238 282 129 
215 258 204 206 186 245 224 270 273 297 
286 161 167 274 131 250 141 166 207 237 
287 183 245 158 288 122 206 213 191 162 
59 137 248 295 50 236 220 96 99 184 
234 199 38 188 167 193 283 107 210 214 
209 51 200 56 298 224 209 289 195 243 
223 214 248 258 296 281 98 157 222 292 
179 257 191 88 256 234 272 228 262 275 
169 216 281 122 299 276 292 275 200 169 
288 201 255 202 182 226 117 232 269 221 
176 268 125 134 241 145 153 239 196 229 
49 66 193 297 205 188 234 114 271 263 
113 285 12 245 156 121 246 244 122 229 
135 266 59 192 224 110 249 286 274 218 
187 258 25 214 24 234 72 170 287 77 
170 268 185 102 127 199 227 124 272 161 
132 293 225 142 122 164 287 213 170 235 
260 296 250 194 295 119 176 202 271 178 
284 264 119 100 160 257 215 276 258 264 
286 187 177 225 229 223 262 296 137 295 
160 202 230 211 111 220 224 188 151 62 
13 178 265 77 258 203 224 177 187 50 
228 93 240 211 256 250 223 156 126 157 
237 261 296 217 117 185 129 229 259 155 
162 284 172 269 263 207 235 167 175 242 
211 241 159 221 134 283 298 201 193 137 
193 276 62 281 141 255 242 277 278 252 
96 140 275 218 232 212 269 240 190 297 
190 153 51 158 59 105 181 229 208 297 
156 127 167 40 213 201 283 292 201 292 
270 184 186 198 287 204 221 263 271 240 
164 213 104 232 150 175 22 147 148 271 
275 245 146 269 185 89 240 145 270 123 
172 187 70 201 227 269 215 243 288 243 
209 249 242 260 258 254 90 243 130 148 
83 126 185 253 148 123 166 255 218 211 
255 196 284 264 275 296 172 206 129 105 
226 175 136 41 294 156 238 155 231 230 
225 286 190 262 153 252 208 54 134 203 
148 17 109 100 58 155 264 203 243 261 
289 153 120 23 231 278 119 271 181 104 
285 189 238 137 261 208 193 69 69 58 
171 117 255 39 212 182 185 184 280 241 
179 98 273 277 256 108 190 223 284 178 
271 171 233 195 125 76 198 193 186 249 
267 279 21 216 126 287 164 286 262 64 
209 202 241 262 231 268 202 107 112 230 
114 184 293 296 154 248 291 114 239 122 
152 279 238 66 259 286 262 158 246 137 
147 207 230 200 99 52 240 115 267 136 
218 51 230 249 229 220 160 262 275 254 
198 246 188 238 215 175 128 270 164 162 
224 249 123 233 125 237 78 136 264 149 
235 137 223 164 268 185 152 152 276 196 
249 219 211 189 165 205 250 209 264 174 
9 273 289 272 231 226 222 174 152 282 
195 274 202 260 121 47 277 195 294 154 
112 272 228 267 215 123 59 104 119 245 
100 292 187 256 221 283 276 248 282 118 
220 156 290 186 177 243 168 168 283 227 
271 212 227 145 285 238 43 150 228 250 
254 269 167 293 272 272 242 77 270 264 
123 223 95 227 110 282 187 170 251 260 
286 210 272 141 203 265 138 257 298 261 
263 178 289 275 186 260 248 228 140 235 
199 292 182 269 194 252 247 235 264 143 
141 200 48 223 174 200 90 197 80 144 
287 299 138 292 111 234 297 229 205 291 
49 279 277 93 197 76 290 78 89 159 
72 180 67 203 207 96 222 261 290 263 
216 252 213 196 215 199 180 198 287 217 
270 282 223 258 295 96 278 158 277 207 
295 278 199 265 108 172 229 268 273 222 
251 246 117 229 191 169 93 215 249 252 
236 187 262 294 197 65 261 278 78 147 
170 289 150 65 182 132 196 82 241 87 
179 238 247 208 259 189 86 228 214 153 
203 231 282 206 221 196 221 124 135 276 
159 253 135 143 53 247 178 150 99 263 
73 145 173 53 281 299 65 272 81 276 
190 171 272 89 131 193 178 148 171 197 
294 229 284 269 115 126 206 128 218 199 
299 120 271 115 280 131 287 107 160 174 
271 193 85 204 106 268 213 242 88 155 
181 193 261 117 201 65 253 195 221 181 
72 56 93 180 213 268 216 268 33 263 
259 295 174 220 276 155 208 156 202 240 
262 85 80 297 180 240 293 240 173 197 
272 107 266 241 181 196 109 136 162 143 
222 248 218 114 250 159 295 203 199 191 
281 53 229 142 283 214 244 163 264 269 
47 187 276 240 290 188 245 270 189 255 
206 62 196 288 279 93 65 205 267 269 
271 245 118 144 172 164 23 290 227 292 
271 201 265 45 195 241 51 255 93 279 
108 222 245 144 139 123 278 181 230 194 
246 187 216 89 63 297 109 124 174 120 
255 261 156 175 182 141 179 283 267 125 
137 177 291 295 160 132 80 207 184 90 
76 229 174 291 189 290 193 263 103 179 
195 198 239 115 293 138 281 278 191 243 
149 7 241 246 291 113 190 262 210 282 
189 74 263 95 160 288 167 167 289 247 
217 123 126 51 236 167 105 262 175 56 
295 291 88 250 291 283 275 169 254 285 
293 290 250 271 111 41 158 252 179 283 
268 222 135 242 299 88 157 241 269 180 
264 261 273 162 269 229 274 249 144 149 
263 273 170 147 298 298 179 153 188 63 
250 40 251 177 176 278 215 98 135 183 
62 270 273 86 88 217 198 65 189 181 
203 128 189 272 107 295 281 210 171 243 
40 193 174 282 103 190 297 251 217 203 
166 261 286 251 101 297 283 58 281 271 
99 204 200 230 205 228 222 298 98 281 
193 261 246 170 255 171 260 258 265 126 
159 248 273 293 137 90 194 298 248 279 
49 275 249 299 243 231 234 267 293 204 
53 84 192 148 211 190 43 104 295 206 
258 209 47 218 275 189 66 270 276 286 
251 283 290 86 281 228 277 265 272 285 
189 178 265 245 121 120 173 251 175 134 
37 274 256 280 182 118 212 198 262 292 
147 203 231 239 245 99 172 262 273 138 
242 208 177 201 82 69 239 138 226 275 
181 161 102 195 84 207 284 259 221 268 
177 241 191 123 272 241 236 257 252 293 
148 127 124 274 85 262 284 209 85 224 
93 165 107 284 104 234 85 290 298 218 
124 97 269 108 268 102 38 218 284 156 
132 178 287 174 154 241 298 121 146 209 
133 261 286 285 242 261 278 287 163 234 
61 211 259 170 107 207 151 89 290 213 
155 193 276 173 266 275 261 103 29 292 
253 70 272 294 283 162 107 160 254 247 
229 189 187 270 266 122 153 105 186 187 
117 145 252 166 160 219 267 276 120 153 
269 122 207 160 293 243 176 126 220 92 
264 293 75 212 100 276 177 189 285 144 
161 104 208 230 164 174 181 211 191 232 
191 261 298 191 117 217 241 267 253 173 
281 216 167 285 130 267 210 271 177 238 
247 92 257 205 271 240 175 290 198 289 
131 288 219 259 219 216 96 58 293 206 
272 294 233 146 271 59 188 166 285 161 
108 282 278 279 238 183 295 66 257 217 
253 258 143 266 294 74 112 295 217 292 
230 110 289 286 244 82 120 292 227 294 
13 111 164 195 281 246 168 224 154 233 
62 277 240 242 258 176 230 295 237 227 
211 54 253 293 128 243 71 270 231 234 
186 148 265 196 152 287 164 156 70 182 
99 232 231 150 266 38 123 141 195 163 
29 188 213 269 277 237 192 223 48 53 
297 108 193 165 210 256 265 69 153 284 
78 240 200 294 133 281 56 210 282 135 
160 237 243 95 103 142 134 293 230 134 
206 91 227 84 193 135 282 227 105 286 
237 159 278 277 142 211 295 215 6 168 
98 125 123 157 239 294 46 22 80 258 
90 273 154 172 150 246 125 229 295 294 
287 179 141 234 200 221 93 217 193 211 
225 248 150 154 223 47 226 161 171 205 
199 67 219 191 46 293 221 267 197 28 
204 268 241 220 244 219 184 259 249 295 
232 114 263 290 117 184 286 148 297 124 
248 193 171 293 204 243 111 93 198 199 
274 274 73 118 165 238 163 249 288 231 
206 121 258 182 238 23 289 56 51 218 
297 206 13 251 244 241 178 214 285 224 
217 255 202 298 279 258 290 210 296 250 
229 172 277 176 252 251 251 193 216 128 
25 296 144 226 58 288 86 77 247 249 
228 262 219 291 285 284 269 56 221 265 
297 90 277 86 288 277 287 282 53 289 
88 110 199 297 54 285 199 213 83 229 
233 100 283 268 208 241 284 99 169 192 
140 12 135 163 97 234 253 186 124 75 
284 192 204 155 173 284 253 197 250 117 
297 205 299 98 147 292 296 228 242 95 
142 167 253 146 124 65 239 209 299 261 
147 113 296 241 90 115 286 266 137 193 
149 277 100 190 125 168 129 225 280 170 
247 228 204 264 211 250 166 270 45 156 
207 178 99 291 290 258 217 207 134 202 
139 195 214 179 76 279 276 164 170 244 
280 200 256 247 290 79 218 84 277 75 
171 142 221 234 129 269 97 298 38 265 
216 279 271 182 216 288 189 259 183 164 
184 159 274 259 295 241 77 265 138 267 
287 224 239 104 234 241 268 276 241 45 
174 246 256 281 140 296 176 218 141 291 
271 117 216 264 257 166 275 232 46 252 
226 184 149 205 170 295 223 132 296 292 
290 295 250 261 160 134 182 136 290 82 
166 125 210 182 121 254 195 238 267 145 
165 233 132 139 229 179 100 152 61 163 
207 276 111 229 66 242 255 287 264 262 
165 280 246 297 94 284 100 6 102 133 
167 175 54 179 221 97 297 252 58 197 
199 220 236 115 285 299 167 244 281 108 
206 149 126 74 184 246 81 168 207 104 
205 217 243 297 79 133 154 104 188 270 
272 115 86 175 260 238 290 181 142 170 
219 290 272 63 228 298 247 206 286 244 
247 185 264 237 230 266 58 256 142 276 
184 270 212 275 295 120 83 292 248 245 
143 258 216 72 283 188 216 298 205 197 
275 87 30 135 289 180 277 285 222 279 
113 283 196 285 221 260 188 136 92 298 
296 176 121 102 102 172 270 154 280 291 
260 191 175 199 290 276 172 286 215 266 
156 298 64 185 240 160 154 252 225 149 
79 213 117 291 239 65 273 281 53 208 
229 166 263 141 172 166 188 299 250 244 
206 113 271 273 73 202 217 263 195 295 
70 205 296 223 219 293 165 171 171 199 
196 152 292 290 157 86 186 259 113 201 
268 156 274 295 116 211 285 271 295 238 
258 222 231 132 290 205 58 218 261 256 
213 292 220 158 94 183 264 90 225 267 
131 180 228 220 291 287 126 259 220 135 
256 134 151 278 289 176 190 272 219 244 
139 209 86 116 223 199 215 269 178 158 
246 215 88 282 233 256 62 224 184 149 
296 182 175 152 159 44 254 224 222 213 
193 273 275 285 122 226 191 188 77 293 
254 276 216 112 289 279 102 69 129 138 
274 263 172 253 207 137 295 61 259 276 
272 292 196 235 235 132 258 49 224 226 
283 274 188 264 177 253 204 152 242 249 
90 246 204 241 181 183 92 299 247 290 
259 239 280 178 156 248 225 198 280 215 
72 179 82 236 287 132 265 299 232 238 
278 159 169 169 249 267 261 190 286 204 
268 147 296 65 200 73 186 97 124 160 
167 134 152 162 135 290 264 160 154 187 
265 288 279 237 186 30 140 181 126 211 
93 257 229 250 165 234 194 119 217 253 
260 205 291 276 272 216 193 52 261 159 
185 39 168 254 299 235 198 82 129 258 
199 257 271 142 106 286 152 235 228 178 
249 285 57 41 193 296 293 273 209 281 
239 299 231 242 250 269 223 267 100 138 
263 158 185 129 256 196 183 246 175 69 
241 154 258 94 237 100 236 58 280 184 
153 285 170 281 249 99 273 251 231 271 
76 244 267 28 34 199 281 123 231 299 
199 263 201 124 189 295 245 217 252 273 
255 268 130 265 280 258 24 111 117 199 
80 290 200 284 211 268 244 266 192 265 
247 246 152 256 257 150 245 248 274 136 
216 258 261 255 282 239 224 137 200 264 
295 225 88 244 175 190 119 195 58 245 
156 132 222 253 171 89 229 239 294 248 
192 130 148 190 43 193 269 93 292 235 
180 161 217 220 266 182 191 215 295 71 
235 212 267 152 222 230 299 251 294 283 
144 277 213 258 53 258 290 223 105 158 
287 226 209 143 231 2 271 130 294 290 
215 182 288 260 245 259 243 284 168 198 
280 13 260 146 82 248 136 88 125 251 
246 75 278 203 81 250 194 129 138 215 
262 121 165 259 289 119 135 132 285 203 
196 232 261 270 165 20 170 296 114 110 
69 171 144 261 295 266 210 195 206 252 
205 121 275 125 282 287 293 268 284 235 
160 211 250 260 159 223 100 225 240 155 
91 160 219 270 225 201 224 125 283 188 
164 124 170 197 267 265 79 161 227 239 
266 248 148 65 275 241 262 276 154 221 
266 256 180 237 243 104 284 187 252 66 
272 279 287 97 296 253 203 272 153 233 
65 280 267 268 226 179 149 233 240 27 
282 293 261 165 51 258 203 278 64 272 
256 260 298 141 152 262 193 281 260 271 
294 284 155 255 88 239 232 248 195 289 
271 123 149 200 284 112 241 296 251 51 
65 228 126 145 28 257 212 299 292 195 
149 155 248 103 273 249 137 231 253 278 
81 186 131 159 289 158 154 156 171 103 
74 205 188 245 292 76 167 299 267 14 
129 277 231 226 247 274 36 257 291 282 
161 96 246 297 132 245 81 295 143 102 
282 299 179 154 299 145 271 249 104 219 
250 128 268 284 284 115 281 259 150 160 
121 218 246 263 246 294 245 146 153 286 
235 116 135 265 136 146 244 115 226 173 
106 290 214 223 249 222 162 74 148 138 
262 292 243 281 291 184 114 99 286 250 
193 108 199 196 169 214 270 198 298 188 
253 267 255 281 172 194 221 245 143 218 
137 299 254 166 122 156 275 110 232 222 
277 248 138 175 139 40 166 281 147 51 
257 109 276 223 154 206 99 230 273 184 
