3
9
21
45
93
219
507
1197
2847
6819
16371
39399
94929
228909
552231
1332621
3216369
7763745
18741489
45243255
109222911
263681625
636575235
536816080
710183922
957149531
624432570
205940797
36205905
278193961
592361315
462575826
517013550
495871003
507682869
509664650
524708156
555704275
631167929
810787356
242113171
279435471
778153117
802281252
333676935
397765453
23877720
291152113
379943498
719470553
332947255
673189279
635581467
414670531
223065064
575198868
558179328
634416600
484269807
444930034
158962772
204945774
852918344
979679389
323264232
421259000
29730307
855654833
911026333
711641940
743179867
776857701
909685745
617889334
745980591
323157183
627261782
413163763
502378999
701678290
24975118
919657783
316076457
122836029
300803105
915282622
893234058
202671036
990336819
636971078
218825685
720929867
760619243
296648900
54705010
206780731
323468838
409708753
499598495
620820266
509143890
763725073
373125580
614412660
831004355
842006382
185038552
111158394
872015275
989870325
885512208
259310958
37231730
628334
203758546
206513193
82006609
1018242
512902692
920904908
879285608
632908822
992617233
990230382
298597790
760459763
364638212
360376903
129066536
207305409
3113505
716643108
528305831
324597037
231952855
934861827
799377850
285771824
269434876
420856315
459516550
586771850
476157418
730552911
375611894
763222541
374969037
424421350
416518315
923076639
839550981
371764573
18284759
420418138
640791062
918874934
707499636
344502945
624008945
48982973
189065783
121708863
583539979
906936189
710154036
791042416
374184385
934098409
100866575
76262475
588509672
446885351
616314823
148667592
576406142
98270466
38890267
104750341
973880888
43945241
981903843
653375331
925710041
61983421
252487310
406824024
463189357
933067177
769054120
307959831
821622643
827584400
189955141
357307261
930761533
958185908
736301503
346148944
83315010
56662764
655884383
482391000
278509647
156497409
822551058
690489388
209506806
346526578
28473404
535363827
468115071
966421437
27675834
17405027
552945286
240472899
146700307
137142140
141430515
253258334
84470968
579169996
233035837
471990345
760734922
567403467
896233810
944281442
943150328
989627699
665861683
223160676
173038262
373548411
626255914
393036302
983615793
637675992
303351945
860051345
916534203
630583500
730836416
538471126
191457219
858199355
290884508
206675521
407756492
108738039
478489262
622494203
366804836
852687748
125541832
800460107
919734608
886563398
636184168
295527073
610467743
843014772
759644840
208681440
349936929
544632080
921654867
43324800
299764243
416766853
562594510
262712216
582688853
352056400
931524482
354498103
703879913
470339989
492034698
365243430
841437671
514509698
247682039
6014874
722243826
290259543
138661028
866011767
8871734
857840550
997068304
262679806
907215887
734415027
444052044
75313202
704775997
662968861
661611472
727187113
35084665
347353190
20783101
599010442
978891776
607873840
455810346
540753226
609655346
93573369
151570237
823820564
559827531
58859951
220038480
802044144
242618320
248263396
3234951
937314716
521428400
887825385
887314444
896253577
821274772
270491582
327745716
32923988
232223142
301487515
746256390
543687962
387437218
783425533
168839080
889459420
180976769
699182630
795467422
739461729
171504801
195710665
125509728
906427666
511301926
64551987
235623915
703954718
947208722
497265547
8788096
885565417
49535987
321302755
399530533
97369927
907941865
934314170
774636818
795325903
698087235
522365617
385421818
268611233
228911516
675304866
503793823
913432332
510068895
37253118
918797962
388482287
313078785
966178950
710609017
469885578
684407861
337901333
941899169
837416007
731647553
997316138
38601184
501756265
165956499
269833430
569025286
395128720
782691612
247322756
551392662
47572510
630812939
567529189
721666549
950932782
821933403
748996123
414192680
870049831
601157226
613496218
661949946
218061291
919869659
713398030
282928322
37314421
771214347
929662914
738519715
928339073
466754383
841383928
650695058
515503405
33967319
436876340
133887658
283084786
131928651
204981181
778363237
430051299
964848573
922603406
41253984
562692738
287075786
488479262
173250620
864633158
283804531
722746145
49453389
523097113
87595724
10393258
121931128
259752524
959037884
508978880
313643236
790514665
880072468
872707108
601783498
37970833
961469422
220950755
625108754
976650349
343932610
651776569
140228828
190500490
766757081
462285011
687863728
80076364
828350727
713648720
474582967
862083738
374890423
6939384
983113090
743649449
635970674
775493388
717343927
906126425
985444552
863249794
394123589
789524223
97433552
790832327
623566451
106695004
712127242
350588522
301673103
717474341
319800426
828622671
212132846
71154102
644254275
884562968
756546260
30634761
975695386
483071192
75862710
926701176
722215279
298106904
537308822
384554513
245222991
32685386
480108627
101222653
948558845
433860111
360118849
963942516
533368350
819883487
772184296
208665533
823133102
87598455
75410199
949116800
917008458
803578568
255308380
988702800
927666305
270130534
568529977
202745430
195670918
916339971
146158494
548114694
904098316
135829400
294732933
505981530
866900339
918962377
164691513
268416189
400774854
229083300
38129644
183781754
443249722
287025964
112485576
644737625
751446095
592299016
513453831
546101664
977221354
449518277
752126807
201204991
350943809
975368548
621389938
734264490
678310917
998987376
100502781
212602076
446417131
450363668
704680936
137972206
603799352
326281389
515319283
239051118
856263169
73376258
6945658
954039217
903594531
753728697
270323973
142219150
395105213
632044584
206651890
433148826
160365006
388751831
960542124
419924998
545354033
278268439
979615220
860185107
90307031
308845095
598729383
787357640
722544362
672278231
787986471
518236532
534276769
17492964
269950965
967900416
46960200
603717507
206797414
810922965
164150652
427133797
99938398
44038073
892951560
616398360
329232921
183285865
390683489
863016342
923501329
211682993
746894815
912285292
279942062
580673599
756606113
117679354
124262541
813819029
223308715
864142315
2913774
392698435
914745073
399943445
415115400
57092117
533972385
830193088
726432628
819805168
607945983
809674240
538018394
438337998
741298474
558262974
47779421
170380919
542428398
599079866
600989378
815347015
589813946
213506706
249647558
303752580
666635283
679325917
658540640
439143291
21866088
601167883
785230365
217695996
384982157
713048634
582535133
813934421
871607814
989809609
219702107
458892764
599826144
489358656
439036002
690261728
973204131
650807215
611786855
364993905
846524885
899762202
978380797
693605530
44392119
793521572
479648802
279832997
577460422
821113019
133059453
538750564
48438392
386878179
24964214
477453902
771770138
15661761
838408546
519691858
699672858
776233062
936547476
155617110
611266295
426042806
17534117
378777869
740649791
379819603
937697979
658184478
176778005
371860560
683588122
424836884
579182043
392210126
858411539
649762607
507675313
509661050
912274641
69226126
630290519
294648024
919443236
412954790
989613978
336300576
885753269
575606421
448883256
108828230
769794335
163588670
247598750
912667877
841987975
516324379
48198986
555338102
21171494
633539674
266725164
7760641
158875670
180615540
215980949
185080867
13749665
336061391
381857064
223367124
75664105
317752757
777818648
187111874
408821641
328183436
702338622
626790040
173276336
827850475
577414403
948474052
294665028
106543766
42286997
545954745
57773124
119612080
109945350
76027496
456636146
996883664
194512046
324652145
790144602
595378200
610082243
391052199
658133013
602445851
333661855
6353086
978079193
64859777
946730592
428963964
377649836
596186810
452589634
956923592
233917493
174805451
789132790
826156114
264576968
384046408
134491226
577982279
244145555
121784615
468179431
992297907
442440888
847309985
41345577
823951535
553329339
698975644
613596448
452565066
813488545
36619948
370202774
555261807
216040492
206131241
625327736
189125585
954706236
46690141
728577489
135463419
579274726
554274247
579702897
185330123
682274609
173670490
125056828
251136864
78474424
954670839
361753927
503260399
739941552
728748168
768124260
207349893
870781931
207558018
486895450
70304292
775103686
969108805
950873805
256008575
196640264
620590948
794276173
299346622
454474591
626255004
215147128
626216983
455208011
32422464
585510129
256526835
647437379
165732362
646316993
674654824
826245887
825180740
190929979
751982583
737871173
985023589
10158883
350557942
813790022
382893786
329549982
894481406
375756244
653209752
541879256
853915242
373872570
585526740
645739387
101981694
58545321
528728239
650633883
573470641
850705698
862644660
907232278
61477015
2316745
369478229
429008734
887361678
166965775
872262464
222325907
590983194
329330441
485517446
810307620
541113125
563387680
848684595
876533420
888381808
120723513
213031888
916620731
883533282
604150275
382130260
495967163
422083954
678450875
244857882
682058193
461181632
922501007
138154749
882988987
906390761
529999651
484797700
20260727
880214006
653991222
582164622
567183484
338697104
260711386
625116608
898106849
824626253
715652028
811385242
297173393
532775609
45223126
264471284
342458699
400180215
234860079
730234341
6454249
146309297
562573270
846081765
232529173
552432924
153313756
652771571
493860840
491415941
121326541
413706804
479300621
547502350
429137400
791169714
572063690
350716048
74307305
860729066
572582793
583523540
678657163
656682525
285495761
460174905
154191089
10376169
649263379
731568403
776884741
424142392
186639509
23375970
598150531
145906104
42146372
747141576
979601318
301699638
695298749
247767091
341658327
194207309
548666472
260959182
303127330
918349876
160382032
492211404
449038332
715076530
457077312
511350579
686686358
669517116
692633837
928605938
208460676
671055527
749921116
28862121
991137972
393980064
19904469
858088005
543221475
992478340
424523
272714777
873188861
818673664
589504739
403986482
603362216
895563997
85646627
963898208
195337070
227622819
420674137
20956562
287623209
191330363
217396788
998272753
181218471
875098745
817953812
364820410
915797731
451156828
926666399
781247743
220660959
62623767
662720731
436376554
423839271
489232772
655793817
942674853
888175640
319547258
269645736
948246454
856067494
92685878
563151418
430629745
68356383
733000174
911655419
577555181
253667607
649090929
137294169
696025824
865892902
349803423
259838101
900365083
13445514
574471738
840490069
886430215
891544459
625814178
730446207
952173964
456556553
274322900
279705563
929999681
645006404
999817191
520711130
422611294
527110271
514078753
973886545
41647163
674223123
425754435
141188347
940629755
290607496
405460760
217643649
225022350
935578662
480184619
664227138
844808452
774018545
581299296
161240449
548578036
91648118
789749208
373819299
73312181
114242973
598270224
143179887
310825789
487499347
840888844
150537174
845891233
101312029
288767846
623028318
737997481
542448828
210501288
554230562
353167131
682375702
730508577
190187611
579489452
830362211
768204338
363366998
972730161
314609605
604327794
3435437
97151224
686068872
437790205
16103069
412781130
752951354
284423656
630323272
764880837
745635402
150226709
159974533
169611964
92709726
62428407
624399721
311572294
955285746
336718396
743641601
646662104
974200933
647218163
143451959
746171932
499999868
485190433
21449344
943361803
62464384
773650642
730398408
509371645
729425957
69140564
243548292
912362634
525316045
795878429
306082081
54094274
893206032
508450925
224104153
749590918
184162257
892787998
537542493
996553512
334202598
36316049
806872580
853652187
89125267
6888931
281480325
323375110
656742285
543948615
405253973
743582772
188634657
77681704
689953902
99760491
488475493
21667922
118938773
445673526
141370322
446626116
938962552
359975714
412550421
843053008
792057384
874205177
645481585
963583161
818100123
950249490
867480001
79542619
771364471
515951704
91281157
731326548
480426920
906686353
541118108
162733731
254902705
308174778
680699068
867336862
248772364
7727982
104838676
891415281
204525564
457933096
951868384
510002824
277673680
202626473
968535890
731107171
159435433
64272515
893683874
186028881
614424740
369264875
641729630
290182385
813939172
798680647
929378635
767360864
454643229
185268377
443724000
681803280
925038519
268132293
806641991
344463126
694867084
278835027
260221730
6261933
24366783
814301298
619258611
770728945
637932712
490099825
779548251
687828440
237342701
406067321
931662943
233716383
606972372
537723396
736804617
273594752
636318520
952941657
211173815
396585687
432351455
358266864
267159851
438867513
788154092
776709586
649388094
26559825
415115699
877214028
141040605
843400063
532368348
584161246
60820146
770458488
342418553
556106351
620098956
702453408
31965668
938812368
988167167
683367
247498198
832220843
334017630
180298159
711197085
41353218
912606481
1852269
490258012
675018252
668230565
413362430
589488433
514808366
943457291
820608088
926027678
338369787
687358750
139033009
57076848
429430303
518126775
159525260
707262301
46324188
966026425
14577784
503657080
696482785
607414238
130577942
762427652
260082370
106508205
190872136
810674965
958560373
591907361
328909239
582598298
691089964
348296500
104073710
469818803
340604486
164311692
595886683
579637035
991996660
727125062
833293481
17594622
655860064
503738787
461644293
12711361
247175060
65476182
522226133
14135189
13117966
647091286
818227450
257094540
912685062
173660095
324749064
468170568
997297996
263718155
970698266
387286430
728394491
273162731
885979042
639503263
188455348
651142836
719852358
343428671
294019709
47889437
758801077
821804088
775143104
113826628
845209
486299761
85963791
768795260
104904935
572474822
954292194
666847443
67645011
286233019
309994856
355764477
955161123
869607830
747439642
351187280
40035495
74542437
819104729
932957542
548509626
523450961
309091375
718803366
817341942
137810906
454457085
478862243
628642414
314101239
266936240
74525911
220494442
330112524
921869424
19507666
621138799
963189235
94577540
359658637
722613120
260663455
907032950
646540568
227703890
792631080
75460001
233634852
523496220
523887759
104615981
247230480
356448180
250842323
662959081
138957966
793787997
384273186
782271096
21665076
556190199
84571146
748707888
335951257
125100422
314017519
234965226
970267765
89685960
545654663
763330064
568834774
793534586
630773692
26471712
547641847
460549896
778925879
192510624
676850595
369299528
412646343
704692387
155218998
345514976
686733717
892655071
976101107
189399299
873114395
957900040
155728441
154385598
371800272
172100763
875145103
988834908
193373466
875283712
510086695
802161481
520815902
816345355
32763055
167534180
626046208
557097845
163375856
565198321
112592505
32337316
100569887
975599867
35846363
954672105
594692842
777636820
690925019
349947677
214860231
144666554
59652581
643470836
91091775
125611163
21769992
593104580
931889356
860249386
479707642
370894401
176092277
504994329
519226041
831187363
251257080
736502962
414805389
326312458
230430463
640715947
125603632
668664664
93216963
99123888
312231491
374637638
956582834
203646117
930768655
527153080
362887287
197633726
164830472
311782895
517590560
482834052
403616920
939620459
68280429
781962191
987538246
897794722
629664597
358994271
690279548
928716703
938746646
539870102
941310301
736347860
461523292
629735186
5191563
971833516
250914528
59916424
288716433
857374300
809743889
201109990
156236792
264135373
159307257
1822542
332576796
311400314
18874253
582270117
60959951
645232332
525588212
748117830
14575246
944183320
121565945
398690670
297237737
590080675
285689072
348039269
765262592
470349426
484326868
863574
639699416
212273236
558117138
976024168
89692947
228808805
268225957
65703612
773474825
707410305
583495365
643442615
734179219
370799620
503818614
270275640
195207261
839567704
945058997
951239399
247969025
918325034
777320380
566098331
473797165
770674091
365259315
415586832
367808521
672693404
149078964
578110529
434048743
10840384
627621085
566722855
626339466
856566038
677276088
414195444
745908465
484058422
495148595
495720400
86000232
48255007
584409185
218383159
403019429
808164888
804401852
583865171
922771645
165100565
155561473
329451680
403385114
627730900
3584062
568556473
565863443
470186955
209798392
18511226
145451935
911607246
699586051
940330069
811989047
526970658
458143587
267213934
779190067
204425910
390829839
975492165
710052582
966623707
203732938
302760965
308952636
980796974
259348690
987994248
783967804
93362593
996625636
661177135
430975921
661057651
465583168
416711967
261423757
614468101
989756560
55794476
238067395
168047763
672094688
746890795
36648418
788891558
817789111
498599510
857821789
460434329
99011426
21611838
751581015
454440766
953284103
263176433
311471336
10775041
359844830
589122493
521403538
642066709
674331882
842839134
222255945
18391765
842188892
148164767
314954393
537658943
595252888
109581301
955417470
366398829
415614306
66028605
762055283
531922122
636083643
828657297
259749071
124690409
310232756
512609642
879440732
616582664
225151333
723419315
673615507
184821159
813962648
585076828
870617515
983517898
267189718
833934979
908303362
53321809
733764746
212912759
254431843
535435803
831024266
798046737
841339494
400668302
163181085
661757240
341364911
719661415
90588849
65409587
761152858
437361252
650091786
291506082
636711165
982752064
574000197
506144590
379505162
30155623
580209264
124182798
527184224
17553465
334902028
158577765
962280029
165971160
848275938
726799095
248983525
725929151
66280886
171039406
222071188
794332351
302434929
704612751
196221529
73315966
624524168
88596113
544208370
201175535
736953941
207969893
709942893
975299352
540871740
494422154
314539044
788653408
994378349
664765597
876418201
72643152
564101171
295750831
905549338
399192677
91183200
718754110
958229624
452000076
816211528
467943094
952404411
527040369
544293572
353742644
144182452
72319583
457148792
47347939
42787478
792192890
347174012
697484489
612356547
512411907
438338261
60459899
820843868
764891350
84741747
930075852
3338161
729312097
250223273
76464291
42417427
588825655
494300889
490925163
817175449
740532453
826994478
264299772
840628792
959346262
642888586
613725487
252730520
385144784
657580406
717256887
375003722
384734204
78893295
759851528
733396952
295867204
611683867
940588059
983434879
684585224
551085856
475812379
968893479
78262737
479137811
856440095
676583138
47890372
430549627
51740521
515065580
721092343
739221817
962542445
66533824
279808788
573356571
775954238
658896044
574582500
638329527
215141047
913347303
716839824
385930616
372340416
689254987
348397607
867236786
122701302
750016745
741298738
391008291
319086758
943517199
278850624
369719361
801125665
827536479
180265331
694970176
932674519
646854759
819822630
242407442
347080509
572450056
83769653
374221397
102326084
440776242
480013286
167051163
442266651
175870216
684541203
63637768
454787656
506718111
520414068
242707348
234494909
992553509
195619370
588475845
858111005
766255244
56862484
31761156
733723156
778786820
722657098
268799665
584534449
193506887
771885223
861892348
375923264
294329222
769787089
519362127
174560429
39737453
110748550
483996862
472759057
680244968
306741293
161236638
747453665
247875358
702444875
230244685
332145232
522986631
584049566
66227816
720098753
715949943
736665326
777540831
89531851
339056098
738355868
584264519
57833162
821590928
591171794
45039549
844016030
785993517
510030018
62845639
945435317
357457242
320882876
969470091
633811130
271613499
181806386
13982609
623049117
678126608
776104442
440415101
285060031
