6
36
216
1296
7776
45936
264816
1529856
9008496
53258976
315221616
866880649
55884899
483506201
876846267
552401777
463889233
455943071
293587581
319885589
238945474
722988084
926302994
76526212
838282896
222174451
851794981
287634868
296988385
956264019
12167659
256340194
473429329
543641180
873062713
32786593
707495558
807536573
561579222
404406847
879459863
843577830
280044553
475315352
650035834
550711406
779857452
314565255
301585581
934490973
833297068
244107807
61308453
429600225
623235754
475837300
682069321
757633788
241060300
556711079
851849284
873655308
513049896
528195130
590560762
216246798
922688268
960420558
558615981
573385682
667992786
562208852
15241170
878927836
147872407
366069032
758587486
356186164
992281671
786640941
822160174
104690831
300812911
799991003
665843811
830321018
368412359
162583625
889484458
329014549
133127099
79006269
787648593
44202476
789970658
158420892
371483335
394842506
567847649
782189325
14619420
900032482
349194688
353628784
349910365
122462951
776570303
685657759
595552668
516951572
893580695
225882152
48899614
601076710
545779687
245608708
585457303
896379716
308121822
482111785
102191533
654760125
114694544
656398661
846955008
701123312
96855058
695085508
861748887
225965815
346218943
754585662
254263001
83283429
702237861
782564988
884763773
114841239
434773045
928218488
4327297
513923986
545570998
138006589
760525721
892239096
950578511
592131399
790111529
59215362
950026603
215333959
570941138
293577780
303692737
627552517
37612647
934819233
825796973
343536720
728896940
870744572
921201185
911973685
260135303
940528324
920859488
580668012
617432375
24484419
564416898
152311700
505052363
513278853
165379605
798843148
275239716
341719660
357981971
948297437
115402920
534192423
82107452
518262805
220920490
205637014
198459996
168787628
80312684
133977811
302674860
91226821
18942832
33522940
678864532
982209002
61901125
682791241
427429026
805553184
335229685
886072906
466309551
751420348
497918557
356373516
69623006
131431845
428535561
957319611
826471496
361448577
309304337
109368080
72913812
244440483
507407610
321141392
395838285
999986593
909227432
341923279
759953902
490959374
204394432
140252500
182352078
415892282
437026271
104023096
661399339
240365829
590814250
733536023
311125043
187833855
595423253
8744249
831231883
765371001
823878399
422292921
804251259
852392914
123575179
484189133
486370517
414883365
148112350
236078298
867059835
529033495
108628028
391231173
304464292
646932790
76344894
737850276
387727189
295805505
68382074
731849881
573495804
850181497
87202701
349149440
467761464
59496677
334327187
269247252
617716458
803948544
199943134
720174629
236922907
172232746
6563384
999945987
211373991
724713308
436577976
511549628
182522982
307429306
328634460
994128562
400524077
794062600
338964715
288750417
241606313
610438937
299576509
864358880
56091403
452952748
842937609
11727542
832030403
733639893
265885379
120190798
869754609
24978317
876379627
874669572
265954272
70644047
584160445
276842115
761753911
267096942
36400674
94457786
591815878
14095307
814115858
685315284
668999265
784753644
297668503
818050703
804556434
84609840
366928077
217778971
152807360
320864403
413536550
778677631
722454681
120930751
587324457
528256072
200553641
918162287
218573633
568395193
972548076
607716947
446896244
883463244
793470067
3575704
600504805
634650744
788435331
831903891
893833365
56585096
156494673
369183516
856453412
786564380
32048409
759414743
399546209
549565718
434735256
155705447
708570560
606503203
17268841
829106241
426378313
963909998
803091631
867460068
160211277
484784627
158271327
781766016
622188939
482527717
25478784
347542629
328603304
169239371
960877141
37138480
681258356
704480393
72548181
189259687
840832234
420485522
928991047
345360856
70310695
182869744
666628754
120045847
746946112
712109935
466644486
157340625
587465153
87177336
569012281
960575934
897128633
473596677
915833636
719888745
555983212
338758980
468450987
843306763
956410664
379948555
657370229
738050330
160146554
292635163
186350783
274746357
893145265
778212536
459836213
274287548
379589366
634969102
508270887
356133635
520759140
508424536
620463873
724443922
526531928
525851204
677966115
295633701
120428181
108841951
208200228
749527976
789985645
495006253
722881209
542990192
756315492
866974279
779420375
848658178
515105043
719407759
556439406
221264174
69727954
235324763
613381347
346349966
874569756
95250918
732740880
871761456
222789585
391936606
379909732
406908324
508758593
942901782
125973735
28502060
174991438
967152166
686690802
393260406
655902821
204650143
696978912
878746354
790733051
402636798
94874128
72930826
978950379
552197916
309965797
663288419
241424350
938438744
726427374
536043927
230327444
867894194
82248411
8381358
640009821
687839977
722334032
62710799
235227277
983797049
931828110
144781998
101006856
759867712
17845829
925386863
656937184
644194134
171438244
49400323
678521440
175509372
644023610
969015620
885058786
859198971
472012114
775145327
292141172
614091268
349541618
452670297
803779724
831745289
693625024
985395183
953023632
387808179
277493352
314141395
783673832
947371702
767027522
780891321
812021240
561414225
278836887
541920843
478665257
161023753
331523491
75895569
846222723
626555818
53630559
639958893
442752306
492363015
87409420
821073455
526575431
279605761
571904738
503847329
400647029
893987194
607904276
755389693
901613183
276536339
741328412
965201339
178207366
673201038
395173456
900601505
390904578
693922712
329179388
656374528
210103562
581857757
507337857
836807206
513637971
111712607
685844742
978123037
422328949
187953352
234248187
168800635
276498111
780051279
357356221
96095400
101133251
35034156
83818244
664733846
567132865
736429769
484005383
261114951
128735170
263557817
213153411
314389905
372836488
307039173
132526244
185773740
531286287
135743364
701564274
884210550
909881917
527933635
699603932
132577812
278486955
489778165
525724754
884823686
609038219
382824254
368029743
809973619
145513794
170310346
65054829
155213354
29132504
463848138
770549486
330908806
941929428
961774575
183734511
175369794
284719130
993410020
707675923
143985172
881135731
340422433
333460086
886242270
576968441
842881547
640356923
888749394
141638361
895127578
957478532
846081531
486235484
516571783
16129749
611815393
200509562
578892490
318049351
566188274
635123453
570323562
518653036
300081252
282301776
638550283
303488731
984577082
351359382
375753873
859590813
896955980
875014533
759923926
461319864
939953785
172000430
431109968
78481776
75362265
247993328
168300321
877092976
991319017
129342331
186232030
422415006
308388813
842504154
856987382
934418346
624338789
302442326
342497954
947239708
477939076
259426430
962933619
598985913
129894091
448514554
545550992
623243797
277029583
912389637
432132350
278936826
417658879
959621438
410443031
494931183
227598772
49745399
829024229
367271890
825488430
697565369
507897188
782844448
51408812
146445008
124137991
221106270
238215317
558821615
611748281
748471802
630134476
231826890
618582064
923554488
602613593
528845978
897318105
445069557
280408051
167521808
213340528
529502296
681837113
847889305
667403139
370499408
364393665
883181374
943351286
159176082
833655938
143570960
402069717
229577574
895557913
888749687
408252719
808068992
474314906
504964733
320019371
924652218
377057680
123413679
270379770
509207221
843225076
681514576
196575352
440551843
366168944
713604055
762019426
878325482
453278197
48751252
868382014
338600187
401724566
660920837
66844323
521376278
2454932
966972086
388394624
248310217
719289432
658859051
253432998
530939855
622278176
517805199
642203508
446378915
989257350
981941160
178852959
394799068
575547498
120973479
197581561
377836615
770455580
680616894
610500118
118411057
364013850
822919269
807385336
809459927
212743196
313641614
816884699
977374504
294818405
259653408
125464780
482063521
662151667
399390866
780698634
437943172
180553724
601913547
630873215
748673949
61232014
978038390
495951005
201091089
154337568
22356416
323515174
720199524
646177763
27858173
176399985
985833037
919610326
346178191
891157247
214920843
95249148
375157550
188893164
873805162
428471118
330789302
473989296
52909927
234510041
667411177
29675760
16070412
300224561
718585277
345673587
740220157
869132123
271369269
935297446
708794962
118205706
357249487
815703593
266650190
290898962
521128398
970169576
971838794
158658885
687787524
990464643
144217336
45903932
48979925
685225768
674664524
348174157
658863350
289413518
587576816
641814209
155373363
171265180
143170580
618465872
495105516
800116924
496743834
605891566
569390129
994434666
822962582
290203596
224592670
30498276
709163477
617430076
656050217
437308456
937669211
910572509
902179773
547280726
154726407
18986848
44293587
146664597
40558574
912456369
737663584
356677117
257019875
100851916
323245232
688279089
953455630
604061563
590567548
414935262
261869637
819764876
553330978
106377592
985660807
657957820
811486134
179387562
605811309
149491099
995694132
957119812
616749796
10822704
211225639
767416818
963777326
466074087
637404640
8102445
899950752
154203014
977384809
866676705
536271331
900290871
758712734
392770842
746738086
889035159
171073150
953675819
484220799
140563810
914863675
134578578
835043836
634090883
215479007
76640086
726396782
491000730
443532861
107801638
793996322
735060797
351044935
889208817
352402133
621183623
153490276
230355854
872435510
210510626
127397470
808151428
244108108
893259446
233253078
670475892
419820703
450516304
754329304
44423734
734960558
507250975
186782247
38043098
416785081
112436215
233633604
369414113
187316132
989974477
497995907
237008688
624885225
747915533
993553561
670139082
532556241
568010193
563260261
429790374
874530216
726014817
46228866
262786143
378818216
753410855
497902893
938809495
738701263
576425029
843186712
505396040
269597885
213751745
457787948
913514763
799574301
598649602
669791806
723070019
975812633
521810463
805504430
183465403
916575723
899457106
180001034
341421893
678123270
104301388
509380218
196713305
852637755
377127838
434292955
345538522
285391308
716596870
44786398
164472243
285304117
801979821
617042336
572849487
457833081
720552055
304971438
992639130
821820156
312399098
833737368
178524123
434275025
296295533
275354099
304710978
278986077
809009699
534568228
212830453
39592440
535176992
560245520
172012966
965536
366657528
891574309
230889412
22781388
207931785
557228263
838940087
823292016
822630180
690532665
73105691
336044300
759728967
38965999
856566830
897047963
912252145
577712421
730949249
375883225
724704533
306520356
873129195
759546492
375468109
913269575
686917738
396225061
235327954
897611693
397342259
928547310
924923771
105615899
298145404
466265131
430926489
878531075
349077802
249102338
340944654
680519571
306089231
541899246
807053316
936231095
941617305
423983513
857740789
889960325
222463182
552553542
132480829
290254069
632112877
575093900
985994322
930089316
93368326
687718767
128088334
19580192
960226656
464084564
261566986
255194995
875247807
273269548
991462229
954331697
701962719
266915915
55429618
837695387
504619097
112728411
307300699
838757038
962715
771452962
219069223
775617476
50172424
601656229
538241587
825633511
556546058
222429121
889479537
308883554
730923553
237373939
200677976
755666488
908923077
710210149
249270957
915571909
625637549
181325884
710992606
823301836
240412587
961752204
339412853
847308070
823746557
970031552
796283688
764710643
184130578
485141781
486065803
379717007
382124907
104239876
196852978
173690937
361740952
711388898
217691779
790253073
152532468
319655327
954445610
372692696
880718053
88722742
868008704
330026806
677751601
760983561
261892318
412040294
625091709
522246449
681543440
957325937
318916681
529964508
546748862
841937977
899025160
685300474
434836912
340917433
485511342
885194757
658575918
469388310
357302467
318998372
633472232
690769485
281202354
967889248
661154177
369573916
609222125
739332023
224164095
518873735
711243682
968311102
239771879
604942747
639166082
321372586
523937777
298383036
576546910
871839907
65708348
256882109
627253072
770040656
176008680
799397826
390686252
756378747
498227993
685073560
895053472
836065065
572969067
474710363
53693726
634253323
332342146
525115895
143837019
515265819
214182015
916112128
342895400
689445137
218790434
995374402
707648470
218824823
184907963
244070844
415964091
490270495
980966498
7635466
95140335
679054428
517879699
847162882
625419065
642928792
453455329
193131972
613868375
896545308
532149563
855877747
299742076
465806423
739430558
912697897
305534219
747613619
973852507
826922771
688431800
764951625
283835867
172060325
669690177
558599314
754825344
937690786
978659821
325434606
909470403
92260276
918784694
653932346
580187983
437544332
643768327
546374793
642737388
391624229
430449227
531066007
562178710
432804934
608709443
87916400
813474119
219127863
76121815
339888508
403624338
777154595
649660501
826179129
426911164
656503635
767755747
742387960
276293418
279031750
652951404
148016762
201441181
110935299
305319633
227441879
491463186
804845530
930252835
170565241
122616025
681818739
883180312
307786209
491568646
68640954
366650547
335739728
557245639
53374090
496863565
776041493
327522754
257003953
473367911
275550952
932031258
262874704
867151862
896499802
654446313
628994596
637759522
685095014
667069691
122669144
976370189
446240501
656936043
623657324
847439640
665073496
75322038
681082947
396796730
811238047
461260970
859118427
654585912
574063082
840892171
497942044
425892902
13697182
922072119
978313201
626953591
85840987
755511799
794273336
957609906
206440800
158471109
862892095
752239735
490508039
503368421
66814928
682336837
369945320
552849618
312204780
691405372
100209123
805839214
262381028
618837353
864896526
748988329
16211715
630757651
804305080
925892030
188665529
739921210
425749692
895258444
270357200
305954328
751802249
728082238
745711161
120743197
570147332
837010248
899576809
653526347
410327323
684531770
480488038
778471251
368368773
734581743
504675547
515352236
450081213
99014772
918119075
161806757
171805350
608657343
313049823
852882196
787628379
900925129
603795293
45799139
213325237
806495552
642202288
353369557
498477276
608571252
467161121
917151991
309638246
392106338
964462791
93746027
515520896
6667995
854755138
842677036
270170865
361203070
838065355
812102732
58752588
678115395
140770906
136363091
617252581
995034246
962668478
800766751
689678906
15289279
822220855
107187473
50599228
980567462
544461668
436976985
521392360
769103055
168636728
185433013
756739697
268389852
963717266
360355752
574058419
682500766
789396454
317435525
609661297
646468451
38599213
962982128
793501496
807848692
217375313
477635622
554628144
394318066
752951111
219218319
699742803
861608626
464526904
603232781
136970266
10162968
480753182
863402305
905124823
847333461
482146477
791020726
917679455
408682285
863562744
63010361
443564353
123022993
494054432
392177152
885348196
108637199
592111723
302222671
348259915
663642114
322203908
511413401
798506446
814338011
876920865
988816494
377040056
697366091
190421760
628824216
14796128
264965169
952761275
575163768
147714805
918086896
573152911
902430247
682204460
448809770
425650651
742280798
465942704
803551597
632790642
874976972
999692274
317790178
347879062
573425219
999930372
97253595
629161758
109197403
386605540
454459406
66573396
642370845
616912808
724867930
430913884
360926617
93582247
110838149
221462426
139626367
329704680
813323561
752214394
25569884
718869884
304616766
595312718
246690751
732455457
592348859
593202383
198479612
520760298
411126917
229627902
518897939
53315849
312034401
408871918
11996629
546946981
106352645
581326684
337195830
550553553
109070401
637245978
491796773
461145314
621198493
290321788
151359447
797340244
330967053
578893346
691313630
911933177
641866333
518360809
607832002
518536911
180147050
551392354
656405934
306684816
802140135
205244894
148691973
611861490
256734541
897802790
291201804
413111750
109344057
191009733
231710967
266074451
805553475
231213951
656652991
727159658
719978936
159964613
721851402
218487461
476095036
259716074
393391558
469284472
236548517
613240130
552634483
56444601
960690631
603482435
40344602
915779016
387791549
814592265
110253308
750878982
537008646
538803057
858265793
305457459
16961416
325153738
626700408
890206166
375233021
58524890
4299099
728588676
341978674
185534608
331470524
166974338
368418568
163558909
239652582
979999832
930033933
97426081
225810026
442499751
486520324
481186471
526206909
453482436
597314947
190422107
504865411
928588801
252517609
686618030
344866188
935975951
346446930
979588705
807931161
321645630
781993481
650213583
385617488
880588654
744744621
859128253
442418590
756985241
400335634
82235873
993182817
845874449
961667240
277030173
301412103
199269383
346884877
902222959
717591044
536521660
788982709
913402607
535954487
394808286
891861670
40047588
569417008
975456001
637520715
105771076
374346697
725864369
844624656
112011662
478215388
163762626
606538773
528914970
451522873
743008439
996179003
643004640
401686582
680032343
703468559
975246680
281181444
365385154
379881105
996117174
183285993
319461778
607673154
152495338
867741559
745014305
497440532
982817145
108837935
572607388
677916516
426547582
280365106
485491902
253362210
954842524
670116079
102488096
338666226
803751497
194207316
342239856
143037624
480301303
97343728
627695079
950791354
56841944
956684552
944819545
107983518
516610879
902192420
956518227
807418375
71965287
483060548
277122191
790632696
165217620
867744706
602922827
418206352
947330462
279544970
484278658
441418161
449657885
653680241
75328500
871210624
536967971
357669888
168690960
587572170
837348159
886553121
181005940
738929825
908754315
575168125
109027401
142128721
214962026
970540327
11429205
379370481
945895917
779466753
715588179
943323329
664615897
718185435
319787376
408712730
154494963
177530908
612801892
865682410
574112753
471483169
233185128
107373555
744213826
706396851
381506589
773398405
786287562
47429318
11635964
173403695
468578496
774372750
367084132
779397778
799772924
514143208
555907036
751941753
5853429
934139304
702477510
434601729
829957039
735018339
884067544
820199320
644369779
693309566
778805184
754310670
310666846
995467191
605266573
535479144
771421209
255301049
753041697
356171010
469833617
87397664
585359430
234682248
642913930
745068619
122820971
147307766
666278922
536566591
15672928
745536087
841389875
764378578
397437840
617538594
651214818
851433004
924815864
341495669
531440071
446472977
622107582
608301693
734032493
155919897
533929005
203888234
439619610
850451882
305573631
348947807
101308430
407985393
756758555
119588066
667033471
163868397
285579679
183745348
762986307
185754274
964907701
376135976
20796440
589002580
176967083
224497281
207811137
377028503
711528925
447803244
673214491
824493975
773264699
86995718
844721179
144235561
600865380
792811478
116637855
265959983
160340602
894730831
879153034
307866040
135669703
881081356
367036849
643964186
305990172
755774034
10958754
622891692
997872641
902191520
940906820
111153675
398402644
471960926
109199809
11965492
528925728
818407285
904536967
757167533
440323215
865884582
951690238
792711866
681077251
692162964
280679903
242133441
459168555
668005185
359743971
492679942
539466214
806029159
343239972
746618287
765776638
950053410
305737984
296765990
751191325
809720687
157450923
993404005
582520233
932451358
224376334
901135618
657858925
255375489
734492614
946072197
230420798
484245648
227793990
729241713
918361618
746885380
582139604
53078158
364462370
899751645
937639516
302579423
484917779
836647633
550240268
331299489
930017780
328360589
676939146
544028231
866946078
189115693
